local Waypoints = {
    Vector3.new(-440.37, 361.94, -761.73),
    Vector3.new(-275.45, 361.40, -759.77),
    Vector3.new(-248.44, 361.40, -737.18),
    Vector3.new(-182.92, 361.40, -732.99),
    Vector3.new(-146.77, 361.40, -759.54),
    Vector3.new(-125.67, 361.39, -761.20),
    Vector3.new(-96.25, 361.40, -760.72),
    Vector3.new(-96.89, 361.40, -775.44),
    Vector3.new(25.52, 361.40, -776.82),
    Vector3.new(100.02, 361.41, -776.52),
    Vector3.new(102.38, 361.41, -759.93),
    Vector3.new(119.46, 361.41, -761.25),
    Vector3.new(132.10, 361.41, -760.75),
    Vector3.new(367.04, 361.41, -761.02),
    Vector3.new(417.34, 361.41, -761.02),
    Vector3.new(462.57, 361.41, -761.02),
    Vector3.new(487.54, 361.41, -763.17),
    Vector3.new(507.40, 361.41, -780.22),
    Vector3.new(570.52, 361.41, -801.36),
    Vector3.new(629.26, 361.41, -796.98),
    Vector3.new(665.88, 361.41, -788.86),
    Vector3.new(771.32, 361.41, -772.31),
    Vector3.new(781.59, 361.41, -758.60),
    Vector3.new(794.09, 361.41, -759.53),
    Vector3.new(812.97, 361.41, -759.86),
    Vector3.new(1141.08, 361.41, -760.92),
    Vector3.new(1257.23, 361.86, -758.80),
    Vector3.new(1561.04, 362.00, -751.50),
    Vector3.new(1562.20, 360.59, -734.66),
}
