local Waypoints = {
    Vector3.new(-440.37, 361.94, -761.73),
    Vector3.new(-275.45, 361.40, -759.77),
    Vector3.new(-248.44, 361.40, -737.18),
    Vector3.new(-182.92, 361.40, -732.99),
    Vector3.new(-146.77, 361.40, -759.54),
    Vector3.new(-125.67, 361.39, -761.20),
    Vector3.new(-96.25, 361.40, -760.72),
    Vector3.new(-96.89, 361.40, -775.44),
    Vector3.new(25.52, 361.40, -776.82),
    Vector3.new(100.02, 361.41, -776.52),
    Vector3.new(102.38, 361.41, -759.93),
    Vector3.new(119.46, 361.41, -761.25),
    Vector3.new(132.10, 361.41, -760.75),
    Vector3.new(367.04, 361.41, -761.02),
    Vector3.new(417.34, 361.41, -761.02),
    Vector3.new(462.57, 361.41, -761.02),
    Vector3.new(487.54, 361.41, -763.17),
    Vector3.new(507.40, 361.41, -780.22),
    Vector3.new(570.52, 361.41, -801.36),
    Vector3.new(629.26, 361.41, -796.98),
    Vector3.new(665.88, 361.41, -788.86),
    Vector3.new(771.32, 361.41, -772.31),
    Vector3.new(781.59, 361.41, -758.60),
    Vector3.new(794.09, 361.41, -759.53),
    Vector3.new(812.97, 361.41, -759.86),
    Vector3.new(1141.08, 361.41, -760.92),
    Vector3.new(1257.23, 361.86, -758.80),
    Vector3.new(1561.04, 362.00, -751.50),
    Vector3.new(1575.94, 362.00, -759.90),
    Vector3.new(1685.15, 361.36, -759.85),
    Vector3.new(2044.69, 361.05, -742.88),
    Vector3.new(2094.67, 361.05, -758.24),
    Vector3.new(2209.22, 361.05, -760.44),
    Vector3.new(2250.78, 361.45, -760.44),
    Vector3.new(2256.48, 361.51, -745.45),
    Vector3.new(2444.78, 361.80, -747.49),
    Vector3.new(2457.88, 361.80, -748.52),
    Vector3.new(2467.24, 361.80, -757.64),
    Vector3.new(2531.42, 361.80, -759.63),
    Vector3.new(2531.63, 361.80, -785.01),
    Vector3.new(2558.56, 361.80, -784.29),
    Vector3.new(2770.43, 369.34, -784.25),
    Vector3.new(2769.97, 369.34, -760.25),
    Vector3.new(2769.97, 481.84, -760.25),
    Vector3.new(2769.97, 594.34, -760.25),
    Vector3.new(2769.97, 696.84, -760.25),
    Vector3.new(2769.97, 794.34, -760.25),
    Vector3.new(2770.01, 837.34, -760.24),
    Vector3.new(2778.49, 837.85, -760.29),
    Vector3.new(2823.83, 837.85, -760.55),
    Vector3.new(2909.23, 837.85, -761.52),
    Vector3.new(3192.04, 796.62, -763.30),
    Vector3.new(3295.54, 796.62, -765.32),
    Vector3.new(3563.80, 729.85, -761.41),
    Vector3.new(3728.52, 729.85, -758.85),
    Vector3.new(3864.48, 729.85, -758.64),
    Vector3.new(3866.26, 729.85, -771.71),
    Vector3.new(3885.08, 729.85, -773.42),
    Vector3.new(4376.18, 729.13, -771.65),
    Vector3.new(4377.20, 729.13, -758.81),
    Vector3.new(4511.36, 729.14, -758.01),
    Vector3.new(4524.69, 729.14, -759.97),
    Vector3.new(4541.98, 729.14, -759.53),
    Vector3.new(4517.72, 729.14, -756.88),
    Vector3.new(4533.14, 729.14, -759.20),
    Vector3.new(4543.27, 729.13, -598.02),
    Vector3.new(4854.31, 729.28, -607.17),
    Vector3.new(4850.29, 729.12, -746.94),
    Vector3.new(4861.96, 729.14, -757.38),
    Vector3.new(4871.66, 729.14, -760.26),
    Vector3.new(4888.57, 729.14, -761.16),
    Vector3.new(4890.56, 729.14, -761.16),
    Vector3.new(4913.50, 718.66, -761.16),
    Vector3.new(5002.25, 718.65, -761.16),
    Vector3.new(5145.41, 717.55, -762.20),
    Vector3.new(5977.41, 719.15, -761.45),
    Vector3.new(6048.86, 719.17, -759.47),
    Vector3.new(6066.81, 719.17, -759.34),
    Vector3.new(6390.46, 719.17, -759.06),
    Vector3.new(6713.57, 719.17, -757.66),
    Vector3.new(7053.15, 719.17, -759.06),
    Vector3.new(7071.96, 719.17, -759.81),
    Vector3.new(8194.56, 734.70, -761.08),
    Vector3.new(8194.66, 663.64, -761.03),
    Vector3.new(8219.15, 663.64, -761.03),
    Vector3.new(8382.32, 663.63, -760.54),
    Vector3.new(8537.20, 663.63, -761.49),
    Vector3.new(8537.41, 663.63, -622.81),
    Vector3.new(8965.89, 663.71, -612.48),
    Vector3.new(8982.29, 663.63, -624.31),
    Vector3.new(9143.84, 663.63, -746.50),
    Vector3.new(9154.34, 663.63, -760.02),
    Vector3.new(9261.32, 663.63, -760.55),
    Vector3.new(9329.27, 663.07, -759.27),
    Vector3.new(9948.50, 638.30, -758.68),
    Vector3.new(10058.73, 638.30, -758.19),
    Vector3.new(10308.79, 638.30, -761.22),
    Vector3.new(10308.14, 638.30, -736.30),
    Vector3.new(10329.99, 638.30, -735.73),
    Vector3.new(10446.50, 663.07, -730.89),
    Vector3.new(10457.35, 663.07, -731.07),
    Vector3.new(10457.03, 663.07, -749.95),
    Vector3.new(10506.33, 663.07, -750.79),
    Vector3.new(10558.64, 663.07, -760.97),
    Vector3.new(11202.69, 638.30, -754.48),
    Vector3.new(11311.41, 638.30, -758.73),
    Vector3.new(11431.44, 608.40, -760.52),
    Vector3.new(11541.27, 608.40, -760.03),
    Vector3.new(11542.05, 607.00, -737.09),
}
