-- File: WaypointsData.lua
-- Author: Kryo
-- Description: Unified Waypoints Data Structured for Luau Scripts

local WaypointsData = {
    ["1"] = {
        Vector3.new(-439.38, 363.00, -759.40),
        Vector3.new(-245.40, 362.46, -760.62),
        Vector3.new(-230.80, 368.56, -758.32),
        Vector3.new(-196.78, 362.46, -758.86),
        Vector3.new(-131.78, 362.45, -760.62),
        Vector3.new(-128.53, 362.99, -739.02)
    },

    ["3"] = {
        Vector3.new(-439.38, 363.00, -759.40),
        Vector3.new(-245.40, 362.46, -760.62),
        Vector3.new(-230.80, 368.56, -758.32),
        Vector3.new(-196.78, 362.46, -758.86),
        Vector3.new(-131.78, 362.45, -760.62),
        Vector3.new(-97.49, 362.46, -761.04),
        Vector3.new(-54.81, 369.40, -758.69),
        Vector3.new(12.41, 370.77, -759.65),
        Vector3.new(98.49, 363.10, -761.26),
        Vector3.new(101.98, 363.00, -737.09)
    },

    ["10"] = {
        Vector3.new(-439.38, 363.00, -759.40),
        Vector3.new(-245.40, 362.46, -760.62),
        Vector3.new(-230.80, 368.56, -758.32),
        Vector3.new(-196.78, 362.46, -758.86),
        Vector3.new(-131.78, 362.45, -760.62),
        Vector3.new(-97.49, 362.46, -761.04),
        Vector3.new(-54.81, 369.40, -758.69),
        Vector3.new(12.41, 370.77, -759.65),
        Vector3.new(98.49, 363.10, -761.26),
        Vector3.new(463.93, 362.47, -760.33),
        Vector3.new(462.96, 363.00, -737.08)
    },

    ["20"] = {
        Vector3.new(-439.38, 363.00, -759.40),
        Vector3.new(-245.40, 362.46, -760.62),
        Vector3.new(-230.80, 368.56, -758.32),
        Vector3.new(-196.78, 362.46, -758.86),
        Vector3.new(-131.78, 362.45, -760.62),
        Vector3.new(-97.49, 362.46, -761.04),
        Vector3.new(-54.81, 369.40, -758.69),
        Vector3.new(12.41, 370.77, -759.65),
        Vector3.new(98.49, 363.10, -761.26),
        Vector3.new(463.93, 362.47, -760.33),
        Vector3.new(497.64, 362.47, -757.99),
        Vector3.new(509.28, 362.47, -759.73),
        Vector3.new(577.61, 362.47, -779.74),
        Vector3.new(732.53, 362.47, -761.82),
        Vector3.new(783.90, 362.47, -761.37),
        Vector3.new(781.47, 363.00, -735.75)
    },

    ["50"] = {
        Vector3.new(-439.38, 363.00, -759.40),
        Vector3.new(-245.40, 362.46, -760.62),
        Vector3.new(-230.80, 368.56, -758.32),
        Vector3.new(-196.78, 362.46, -758.86),
        Vector3.new(-131.78, 362.45, -760.62),
        Vector3.new(-97.49, 362.46, -761.04),
        Vector3.new(-54.81, 369.40, -758.69),
        Vector3.new(12.41, 370.77, -759.65),
        Vector3.new(98.49, 363.10, -761.26),
        Vector3.new(463.93, 362.47, -760.33),
        Vector3.new(497.64, 362.47, -757.99),
        Vector3.new(509.28, 362.47, -759.73),
        Vector3.new(577.61, 362.47, -779.74),
        Vector3.new(732.53, 362.47, -761.82),
        Vector3.new(783.90, 362.47, -761.37),
        Vector3.new(1083.11, 362.47, -758.09),
        Vector3.new(1139.03, 362.47, -758.76),
        Vector3.new(1143.86, 363.00, -735.30)
    },

    ["100"] = {
        Vector3.new(-442.19, 363.00, -759.23),
        Vector3.new(-310.37, 362.46, -736.06),
        Vector3.new(-180.89, 362.46, -734.21),
        Vector3.new(-148.69, 362.46, -759.40),
        Vector3.new(-130.50, 362.45, -758.93),
        Vector3.new(-116.72, 362.45, -747.95),
        Vector3.new(-101.19, 362.46, -742.97),
        Vector3.new(83.88, 362.46, -744.66),
        Vector3.new(93.19, 362.47, -749.10),
        Vector3.new(100.93, 362.47, -759.84),
        Vector3.new(467.23, 362.47, -761.26),
        Vector3.new(506.03, 362.47, -782.45),
        Vector3.new(572.91, 362.47, -792.93),
        Vector3.new(633.25, 362.47, -789.46),
        Vector3.new(735.88, 362.47, -767.64),
        Vector3.new(773.43, 362.47, -760.84),
        Vector3.new(1136.58, 362.47, -761.14),
        Vector3.new(1198.15, 362.58, -760.83),
        Vector3.new(1275.82, 363.12, -757.76),
        Vector3.new(1300.07, 362.72, -715.99),
        Vector3.new(1401.12, 362.40, -713.92),
        Vector3.new(1550.40, 363.06, -756.49),
        Vector3.new(1564.88, 363.06, -759.67),
        Vector3.new(1561.56, 360.59, -736.65)
    },

    ["150"] = {
        Vector3.new(-442.19, 363.00, -759.23),
        Vector3.new(-310.37, 362.46, -736.06),
        Vector3.new(-180.89, 362.46, -734.21),
        Vector3.new(-148.69, 362.46, -759.40),
        Vector3.new(-130.50, 362.45, -758.93),
        Vector3.new(-116.72, 362.45, -747.95),
        Vector3.new(-101.19, 362.46, -742.97),
        Vector3.new(83.88, 362.46, -744.66),
        Vector3.new(93.19, 362.47, -749.10),
        Vector3.new(100.93, 362.47, -759.84),
        Vector3.new(467.23, 362.47, -761.26),
        Vector3.new(506.03, 362.47, -782.45),
        Vector3.new(572.91, 362.47, -792.93),
        Vector3.new(633.25, 362.47, -789.46),
        Vector3.new(735.88, 362.47, -767.64),
        Vector3.new(773.43, 362.47, -760.84),
        Vector3.new(1136.58, 362.47, -761.14),
        Vector3.new(1198.15, 362.58, -760.83),
        Vector3.new(1275.82, 363.12, -757.76),
        Vector3.new(1300.07, 362.72, -715.99),
        Vector3.new(1401.12, 362.40, -713.92),
        Vector3.new(1550.40, 363.06, -756.49),
        Vector3.new(1564.88, 363.06, -759.67),
        Vector3.new(1696.60, 362.55, -762.39),
        Vector3.new(1728.25, 362.23, -713.64),
        Vector3.new(1746.11, 362.23, -710.91),
        Vector3.new(1881.55, 361.91, -709.34),
        Vector3.new(2130.35, 362.11, -756.07),
        Vector3.new(2254.59, 362.56, -759.10),
        Vector3.new(2289.60, 362.23, -707.37),
        Vector3.new(2333.73, 362.17, -711.31),
        Vector3.new(2456.02, 362.86, -754.27),
        Vector3.new(2457.13, 360.39, -736.25)
    },

    ["300"] = {
        Vector3.new(-442.19, 363.00, -759.23),
        Vector3.new(-310.37, 362.46, -736.06),
        Vector3.new(-180.89, 362.46, -734.21),
        Vector3.new(-148.69, 362.46, -759.40),
        Vector3.new(-130.50, 362.45, -758.93),
        Vector3.new(-116.72, 362.45, -747.95),
        Vector3.new(-101.19, 362.46, -742.97),
        Vector3.new(83.88, 362.46, -744.66),
        Vector3.new(93.19, 362.47, -749.10),
        Vector3.new(100.93, 362.47, -759.84),
        Vector3.new(467.23, 362.47, -761.26),
        Vector3.new(506.03, 362.47, -782.45),
        Vector3.new(572.91, 362.47, -792.93),
        Vector3.new(633.25, 362.47, -789.46),
        Vector3.new(735.88, 362.47, -767.64),
        Vector3.new(773.43, 362.47, -760.84),
        Vector3.new(1136.58, 362.47, -761.14),
        Vector3.new(1198.15, 362.58, -760.83),
        Vector3.new(1275.82, 363.12, -757.76),
        Vector3.new(1300.07, 362.72, -715.99),
        Vector3.new(1401.12, 362.40, -713.92),
        Vector3.new(1550.40, 363.06, -756.49),
        Vector3.new(1564.88, 363.06, -759.67),
        Vector3.new(1696.60, 362.55, -762.39),
        Vector3.new(1728.25, 362.23, -713.64),
        Vector3.new(1746.11, 362.23, -710.91),
        Vector3.new(1881.55, 361.91, -709.34),
        Vector3.new(2130.35, 362.11, -756.07),
        Vector3.new(2254.59, 362.56, -759.10),
        Vector3.new(2289.60, 362.23, -707.37),
        Vector3.new(2333.73, 362.17, -711.31),
        Vector3.new(2456.02, 362.86, -754.27),
        Vector3.new(2616.52, 362.89, -758.51),
        Vector3.new(2626.11, 362.90, -758.67),
        Vector3.new(2637.13, 365.65, -758.86),
        Vector3.new(2643.46, 368.87, -758.98),
        Vector3.new(2653.06, 377.43, -759.21),
        Vector3.new(2659.33, 388.60, -759.44),
        Vector3.new(2661.67, 401.30, -759.66),
        Vector3.new(2661.67, 772.40, -758.88),
        Vector3.new(2661.67, 782.99, -758.78),
        Vector3.new(2661.67, 788.74, -758.73),
        Vector3.new(2662.80, 800.41, -758.63),
        Vector3.new(2666.03, 810.34, -758.53),
        Vector3.new(2670.38, 817.96, -758.45),
        Vector3.new(2678.66, 827.81, -758.34),
        Vector3.new(2698.75, 838.92, -758.13),
        Vector3.new(2712.99, 838.95, -758.01),
        Vector3.new(2718.83, 838.90, -757.96),
        Vector3.new(2739.89, 838.90, -757.76),
        Vector3.new(2827.86, 838.91, -759.53),
        Vector3.new(2830.84, 836.45, -736.57)
    },

    ["500"] = {
        Vector3.new(-442.19, 363.00, -759.23),
        Vector3.new(-310.37, 362.46, -736.06),
        Vector3.new(-180.89, 362.46, -734.21),
        Vector3.new(-148.69, 362.46, -759.40),
        Vector3.new(-130.50, 362.45, -758.93),
        Vector3.new(-116.72, 362.45, -747.95),
        Vector3.new(-101.19, 362.46, -742.97),
        Vector3.new(83.88, 362.46, -744.66),
        Vector3.new(93.19, 362.47, -749.10),
        Vector3.new(100.93, 362.47, -759.84),
        Vector3.new(467.23, 362.47, -761.26),
        Vector3.new(506.03, 362.47, -782.45),
        Vector3.new(572.91, 362.47, -792.93),
        Vector3.new(633.25, 362.47, -789.46),
        Vector3.new(735.88, 362.47, -767.64),
        Vector3.new(773.43, 362.47, -760.84),
        Vector3.new(1136.58, 362.47, -761.14),
        Vector3.new(1198.15, 362.58, -760.83),
        Vector3.new(1275.82, 363.12, -757.76),
        Vector3.new(1300.07, 362.72, -715.99),
        Vector3.new(1401.12, 362.40, -713.92),
        Vector3.new(1550.40, 363.06, -756.49),
        Vector3.new(1564.88, 363.06, -759.67),
        Vector3.new(1696.60, 362.55, -762.39),
        Vector3.new(1728.25, 362.23, -713.64),
        Vector3.new(1746.11, 362.23, -710.91),
        Vector3.new(1881.55, 361.91, -709.34),
        Vector3.new(2130.35, 362.11, -756.07),
        Vector3.new(2254.59, 362.56, -759.10),
        Vector3.new(2289.60, 362.23, -707.37),
        Vector3.new(2333.73, 362.17, -711.31),
        Vector3.new(2456.02, 362.86, -754.27),
        Vector3.new(2616.52, 362.89, -758.51),
        Vector3.new(2626.11, 362.90, -758.67),
        Vector3.new(2637.13, 365.65, -758.86),
        Vector3.new(2643.46, 368.87, -758.98),
        Vector3.new(2653.06, 377.43, -759.21),
        Vector3.new(2659.33, 388.60, -759.44),
        Vector3.new(2661.67, 401.30, -759.66),
        Vector3.new(2661.67, 772.40, -758.88),
        Vector3.new(2661.67, 782.99, -758.78),
        Vector3.new(2661.67, 788.74, -758.73),
        Vector3.new(2662.80, 800.41, -758.63),
        Vector3.new(2666.03, 810.34, -758.53),
        Vector3.new(2670.38, 817.96, -758.45),
        Vector3.new(2678.66, 827.81, -758.34),
        Vector3.new(2698.75, 838.92, -758.13),
        Vector3.new(2712.99, 838.95, -758.01),
        Vector3.new(2718.83, 838.90, -757.96),
        Vector3.new(2739.89, 838.90, -757.76),
        Vector3.new(2827.86, 838.91, -759.53),
        Vector3.new(2842.17, 838.91, -784.25),
        Vector3.new(3250.76, 797.68, -801.15),
        Vector3.new(3309.00, 797.68, -801.42),
        Vector3.new(3714.39, 730.91, -785.14),
        Vector3.new(3728.26, 730.91, -759.39),
        Vector3.new(3727.16, 728.45, -736.73)
    },

    ["1k"] = {
        Vector3.new(-442.19, 363.00, -759.23),
        Vector3.new(-310.37, 362.46, -736.06),
        Vector3.new(-180.89, 362.46, -734.21),
        Vector3.new(-148.69, 362.46, -759.40),
        Vector3.new(-130.50, 362.45, -758.93),
        Vector3.new(-116.72, 362.45, -747.95),
        Vector3.new(-101.19, 362.46, -742.97),
        Vector3.new(83.88, 362.46, -744.66),
        Vector3.new(93.19, 362.47, -749.10),
        Vector3.new(100.93, 362.47, -759.84),
        Vector3.new(467.23, 362.47, -761.26),
        Vector3.new(506.03, 362.47, -782.45),
        Vector3.new(572.91, 362.47, -792.93),
        Vector3.new(633.25, 362.47, -789.46),
        Vector3.new(735.88, 362.47, -767.64),
        Vector3.new(773.43, 362.47, -760.84),
        Vector3.new(1136.58, 362.47, -761.14),
        Vector3.new(1198.15, 362.58, -760.83),
        Vector3.new(1275.82, 363.12, -757.76),
        Vector3.new(1300.07, 362.72, -715.99),
        Vector3.new(1401.12, 362.40, -713.92),
        Vector3.new(1550.40, 363.06, -756.49),
        Vector3.new(1564.88, 363.06, -759.67),
        Vector3.new(1696.60, 362.55, -762.39),
        Vector3.new(1728.25, 362.23, -713.64),
        Vector3.new(1746.11, 362.23, -710.91),
        Vector3.new(1881.55, 361.91, -709.34),
        Vector3.new(2130.35, 362.11, -756.07),
        Vector3.new(2254.59, 362.56, -759.10),
        Vector3.new(2289.60, 362.23, -707.37),
        Vector3.new(2333.73, 362.17, -711.31),
        Vector3.new(2456.02, 362.86, -754.27),
        Vector3.new(2616.52, 362.89, -758.51),
        Vector3.new(2626.11, 362.90, -758.67),
        Vector3.new(2637.13, 365.65, -758.86),
        Vector3.new(2643.46, 368.87, -758.98),
        Vector3.new(2653.06, 377.43, -759.21),
        Vector3.new(2659.33, 388.60, -759.44),
        Vector3.new(2661.67, 401.30, -759.66),
        Vector3.new(2661.67, 772.40, -758.88),
        Vector3.new(2661.67, 782.99, -758.78),
        Vector3.new(2661.67, 788.74, -758.73),
        Vector3.new(2662.80, 800.41, -758.63),
        Vector3.new(2666.03, 810.34, -758.53),
        Vector3.new(2670.38, 817.96, -758.45),
        Vector3.new(2678.66, 827.81, -758.34),
        Vector3.new(2698.75, 838.92, -758.13),
        Vector3.new(2712.99, 838.95, -758.01),
        Vector3.new(2718.83, 838.90, -757.96),
        Vector3.new(2739.89, 838.90, -757.76),
        Vector3.new(2827.86, 838.91, -759.53),
        Vector3.new(2842.17, 838.91, -784.25),
        Vector3.new(3250.76, 797.68, -801.15),
        Vector3.new(3309.00, 797.68, -801.42),
        Vector3.new(3714.39, 730.91, -785.14),
        Vector3.new(3728.26, 730.91, -759.39),
        Vector3.new(3866.04, 730.91, -759.22),
        Vector3.new(3865.70, 730.91, -770.10),
        Vector3.new(3885.46, 730.91, -770.71),
        Vector3.new(4373.69, 730.19, -764.58),
        Vector3.new(4389.67, 730.19, -761.41),
        Vector3.new(4406.72, 730.19, -759.54),
        Vector3.new(4510.19, 730.20, -758.85),
        Vector3.new(4512.67, 727.74, -735.51)
    },

    ["2.5k"] = {
        Vector3.new(-442.19, 363.00, -759.23),
        Vector3.new(-310.37, 362.46, -736.06),
        Vector3.new(-180.89, 362.46, -734.21),
        Vector3.new(-148.69, 362.46, -759.40),
        Vector3.new(-130.50, 362.45, -758.93),
        Vector3.new(-116.72, 362.45, -747.95),
        Vector3.new(-101.19, 362.46, -742.97),
        Vector3.new(83.88, 362.46, -744.66),
        Vector3.new(93.19, 362.47, -749.10),
        Vector3.new(100.93, 362.47, -759.84),
        Vector3.new(467.23, 362.47, -761.26),
        Vector3.new(506.03, 362.47, -782.45),
        Vector3.new(572.91, 362.47, -792.93),
        Vector3.new(633.25, 362.47, -789.46),
        Vector3.new(735.88, 362.47, -767.64),
        Vector3.new(773.43, 362.47, -760.84),
        Vector3.new(1136.58, 362.47, -761.14),
        Vector3.new(1198.15, 362.58, -760.83),
        Vector3.new(1275.82, 363.12, -757.76),
        Vector3.new(1300.07, 362.72, -715.99),
        Vector3.new(1401.12, 362.40, -713.92),
        Vector3.new(1550.40, 363.06, -756.49),
        Vector3.new(1564.88, 363.06, -759.67),
        Vector3.new(1696.60, 362.55, -762.39),
        Vector3.new(1728.25, 362.23, -713.64),
        Vector3.new(1746.11, 362.23, -710.91),
        Vector3.new(1881.55, 361.91, -709.34),
        Vector3.new(2130.35, 362.11, -756.07),
        Vector3.new(2254.59, 362.56, -759.10),
        Vector3.new(2289.60, 362.23, -707.37),
        Vector3.new(2333.73, 362.17, -711.31),
        Vector3.new(2456.02, 362.86, -754.27),
        Vector3.new(2616.52, 362.89, -758.51),
        Vector3.new(2626.11, 362.90, -758.67),
        Vector3.new(2637.13, 365.65, -758.86),
        Vector3.new(2643.46, 368.87, -758.98),
        Vector3.new(2653.06, 377.43, -759.21),
        Vector3.new(2659.33, 388.60, -759.44),
        Vector3.new(2661.67, 401.30, -759.66),
        Vector3.new(2661.67, 772.40, -758.88),
        Vector3.new(2661.67, 782.99, -758.78),
        Vector3.new(2661.67, 788.74, -758.73),
        Vector3.new(2662.80, 800.41, -758.63),
        Vector3.new(2666.03, 810.34, -758.53),
        Vector3.new(2670.38, 817.96, -758.45),
        Vector3.new(2678.66, 827.81, -758.34),
        Vector3.new(2698.75, 838.92, -758.13),
        Vector3.new(2712.99, 838.95, -758.01),
        Vector3.new(2718.83, 838.90, -757.96),
        Vector3.new(2739.89, 838.90, -757.76),
        Vector3.new(2827.86, 838.91, -759.53),
        Vector3.new(2842.17, 838.91, -784.25),
        Vector3.new(3250.76, 797.68, -801.15),
        Vector3.new(3309.00, 797.68, -801.42),
        Vector3.new(3714.39, 730.91, -785.14),
        Vector3.new(3728.26, 730.91, -759.39),
        Vector3.new(3866.04, 730.91, -759.22),
        Vector3.new(3865.70, 730.91, -770.10),
        Vector3.new(3885.46, 730.91, -770.71),
        Vector3.new(4373.69, 730.19, -764.58),
        Vector3.new(4389.67, 730.19, -761.41),
        Vector3.new(4406.72, 730.19, -759.54),
        Vector3.new(4510.19, 730.20, -758.85),
        Vector3.new(4528.99, 730.20, -758.96),
        Vector3.new(4644.80, 730.20, -597.94),
        Vector3.new(4743.69, 729.85, -598.74),
        Vector3.new(4852.00, 730.20, -599.07),
        Vector3.new(4846.67, 730.20, -759.97),
        Vector3.new(4872.15, 730.20, -759.64),
        Vector3.new(4873.40, 727.74, -737.12)
    },

    ["10k"] = {
        Vector3.new(-442.19, 363.00, -759.23),
        Vector3.new(-310.37, 362.46, -736.06),
        Vector3.new(-180.89, 362.46, -734.21),
        Vector3.new(-148.69, 362.46, -759.40),
        Vector3.new(-130.50, 362.45, -758.93),
        Vector3.new(-116.72, 362.45, -747.95),
        Vector3.new(-101.19, 362.46, -742.97),
        Vector3.new(83.88, 362.46, -744.66),
        Vector3.new(93.19, 362.47, -749.10),
        Vector3.new(100.93, 362.47, -759.84),
        Vector3.new(467.23, 362.47, -761.26),
        Vector3.new(506.03, 362.47, -782.45),
        Vector3.new(572.91, 362.47, -792.93),
        Vector3.new(633.25, 362.47, -789.46),
        Vector3.new(735.88, 362.47, -767.64),
        Vector3.new(773.43, 362.47, -760.84),
        Vector3.new(1136.58, 362.47, -761.14),
        Vector3.new(1198.15, 362.58, -760.83),
        Vector3.new(1275.82, 363.12, -757.76),
        Vector3.new(1300.07, 362.72, -715.99),
        Vector3.new(1401.12, 362.40, -713.92),
        Vector3.new(1550.40, 363.06, -756.49),
        Vector3.new(1564.88, 363.06, -759.67),
        Vector3.new(1696.60, 362.55, -762.39),
        Vector3.new(1728.25, 362.23, -713.64),
        Vector3.new(1746.11, 362.23, -710.91),
        Vector3.new(1881.55, 361.91, -709.34),
        Vector3.new(2130.35, 362.11, -756.07),
        Vector3.new(2254.59, 362.56, -759.10),
        Vector3.new(2289.60, 362.23, -707.37),
        Vector3.new(2333.73, 362.17, -711.31),
        Vector3.new(2456.02, 362.86, -754.27),
        Vector3.new(2616.52, 362.89, -758.51),
        Vector3.new(2626.11, 362.90, -758.67),
        Vector3.new(2637.13, 365.65, -758.86),
        Vector3.new(2643.46, 368.87, -758.98),
        Vector3.new(2653.06, 377.43, -759.21),
        Vector3.new(2659.33, 388.60, -759.44),
        Vector3.new(2661.67, 401.30, -759.66),
        Vector3.new(2661.67, 772.40, -758.88),
        Vector3.new(2661.67, 782.99, -758.78),
        Vector3.new(2661.67, 788.74, -758.73),
        Vector3.new(2662.80, 800.41, -758.63),
        Vector3.new(2666.03, 810.34, -758.53),
        Vector3.new(2670.38, 817.96, -758.45),
        Vector3.new(2678.66, 827.81, -758.34),
        Vector3.new(2698.75, 838.92, -758.13),
        Vector3.new(2712.99, 838.95, -758.01),
        Vector3.new(2718.83, 838.90, -757.96),
        Vector3.new(2739.89, 838.90, -757.76),
        Vector3.new(2827.86, 838.91, -759.53),
        Vector3.new(2842.17, 838.91, -784.25),
        Vector3.new(3250.76, 797.68, -801.15),
        Vector3.new(3309.00, 797.68, -801.42),
        Vector3.new(3714.39, 730.91, -785.14),
        Vector3.new(3728.26, 730.91, -759.39),
        Vector3.new(3866.04, 730.91, -759.22),
        Vector3.new(3865.70, 730.91, -770.10),
        Vector3.new(3885.46, 730.91, -770.71),
        Vector3.new(4373.69, 730.19, -764.58),
        Vector3.new(4389.67, 730.19, -761.41),
        Vector3.new(4406.72, 730.19, -759.54),
        Vector3.new(4510.19, 730.20, -758.85),
        Vector3.new(4528.99, 730.20, -758.96),
        Vector3.new(4644.80, 730.20, -597.94),
        Vector3.new(4743.69, 729.85, -598.74),
        Vector3.new(4852.00, 730.20, -599.07),
        Vector3.new(4846.67, 730.20, -759.97),
        Vector3.new(4872.15, 730.20, -759.64),
        Vector3.new(4913.42, 719.72, -756.00),
        Vector3.new(5985.82, 719.72, -759.65),
        Vector3.new(6052.42, 720.22, -758.68),
        Vector3.new(6051.52, 717.76, -735.79)
    },

    ["25k"] = {
        Vector3.new(-442.19, 363.00, -759.23),
        Vector3.new(-310.37, 362.46, -736.06),
        Vector3.new(-180.89, 362.46, -734.21),
        Vector3.new(-148.69, 362.46, -759.40),
        Vector3.new(-130.50, 362.45, -758.93),
        Vector3.new(-116.72, 362.45, -747.95),
        Vector3.new(-101.19, 362.46, -742.97),
        Vector3.new(83.88, 362.46, -744.66),
        Vector3.new(93.19, 362.47, -749.10),
        Vector3.new(100.93, 362.47, -759.84),
        Vector3.new(467.23, 362.47, -761.26),
        Vector3.new(506.03, 362.47, -782.45),
        Vector3.new(572.91, 362.47, -792.93),
        Vector3.new(633.25, 362.47, -789.46),
        Vector3.new(735.88, 362.47, -767.64),
        Vector3.new(773.43, 362.47, -760.84),
        Vector3.new(1136.58, 362.47, -761.14),
        Vector3.new(1198.15, 362.58, -760.83),
        Vector3.new(1275.82, 363.12, -757.76),
        Vector3.new(1300.07, 362.72, -715.99),
        Vector3.new(1401.12, 362.40, -713.92),
        Vector3.new(1550.40, 363.06, -756.49),
        Vector3.new(1564.88, 363.06, -759.67),
        Vector3.new(1696.60, 362.55, -762.39),
        Vector3.new(1728.25, 362.23, -713.64),
        Vector3.new(1746.11, 362.23, -710.91),
        Vector3.new(1881.55, 361.91, -709.34),
        Vector3.new(2130.35, 362.11, -756.07),
        Vector3.new(2254.59, 362.56, -759.10),
        Vector3.new(2289.60, 362.23, -707.37),
        Vector3.new(2333.73, 362.17, -711.31),
        Vector3.new(2456.02, 362.86, -754.27),
        Vector3.new(2616.52, 362.89, -758.51),
        Vector3.new(2626.11, 362.90, -758.67),
        Vector3.new(2637.13, 365.65, -758.86),
        Vector3.new(2643.46, 368.87, -758.98),
        Vector3.new(2653.06, 377.43, -759.21),
        Vector3.new(2659.33, 388.60, -759.44),
        Vector3.new(2661.67, 401.30, -759.66),
        Vector3.new(2661.67, 772.40, -758.88),
        Vector3.new(2661.67, 782.99, -758.78),
        Vector3.new(2661.67, 788.74, -758.73),
        Vector3.new(2662.80, 800.41, -758.63),
        Vector3.new(2666.03, 810.34, -758.53),
        Vector3.new(2670.38, 817.96, -758.45),
        Vector3.new(2678.66, 827.81, -758.34),
        Vector3.new(2698.75, 838.92, -758.13),
        Vector3.new(2712.99, 838.95, -758.01),
        Vector3.new(2718.83, 838.90, -757.96),
        Vector3.new(2739.89, 838.90, -757.76),
        Vector3.new(2827.86, 838.91, -759.53),
        Vector3.new(2842.17, 838.91, -784.25),
        Vector3.new(3250.76, 797.68, -801.15),
        Vector3.new(3309.00, 797.68, -801.42),
        Vector3.new(3714.39, 730.91, -785.14),
        Vector3.new(3728.26, 730.91, -759.39),
        Vector3.new(3866.04, 730.91, -759.22),
        Vector3.new(3865.70, 730.91, -770.10),
        Vector3.new(3885.46, 730.91, -770.71),
        Vector3.new(4373.69, 730.19, -764.58),
        Vector3.new(4389.67, 730.19, -761.41),
        Vector3.new(4406.72, 730.19, -759.54),
        Vector3.new(4510.19, 730.20, -758.85),
        Vector3.new(4528.99, 730.20, -758.96),
        Vector3.new(4644.80, 730.20, -597.94),
        Vector3.new(4743.69, 729.85, -598.74),
        Vector3.new(4852.00, 730.20, -599.07),
        Vector3.new(4846.67, 730.20, -759.97),
        Vector3.new(4872.15, 730.20, -759.64),
        Vector3.new(4913.42, 719.72, -756.00),
        Vector3.new(5985.82, 719.72, -759.65),
        Vector3.new(6052.42, 720.22, -758.68),
        Vector3.new(6121.30, 720.22, -756.37),
        Vector3.new(6952.91, 720.22, -758.57),
        Vector3.new(7053.63, 720.23, -758.68),
        Vector3.new(7055.66, 717.77, -737.03)
    },

    ["50k"] = {
        Vector3.new(-442.19, 363.00, -759.23),
        Vector3.new(-310.37, 362.46, -736.06),
        Vector3.new(-180.89, 362.46, -734.21),
        Vector3.new(-148.69, 362.46, -759.40),
        Vector3.new(-130.50, 362.45, -758.93),
        Vector3.new(-116.72, 362.45, -747.95),
        Vector3.new(-101.19, 362.46, -742.97),
        Vector3.new(83.88, 362.46, -744.66),
        Vector3.new(93.19, 362.47, -749.10),
        Vector3.new(100.93, 362.47, -759.84),
        Vector3.new(467.23, 362.47, -761.26),
        Vector3.new(506.03, 362.47, -782.45),
        Vector3.new(572.91, 362.47, -792.93),
        Vector3.new(633.25, 362.47, -789.46),
        Vector3.new(735.88, 362.47, -767.64),
        Vector3.new(773.43, 362.47, -760.84),
        Vector3.new(1136.58, 362.47, -761.14),
        Vector3.new(1198.15, 362.58, -760.83),
        Vector3.new(1275.82, 363.12, -757.76),
        Vector3.new(1300.07, 362.72, -715.99),
        Vector3.new(1401.12, 362.40, -713.92),
        Vector3.new(1550.40, 363.06, -756.49),
        Vector3.new(1564.88, 363.06, -759.67),
        Vector3.new(1696.60, 362.55, -762.39),
        Vector3.new(1728.25, 362.23, -713.64),
        Vector3.new(1746.11, 362.23, -710.91),
        Vector3.new(1881.55, 361.91, -709.34),
        Vector3.new(2130.35, 362.11, -756.07),
        Vector3.new(2254.59, 362.56, -759.10),
        Vector3.new(2289.60, 362.23, -707.37),
        Vector3.new(2333.73, 362.17, -711.31),
        Vector3.new(2456.02, 362.86, -754.27),
        Vector3.new(2616.52, 362.89, -758.51),
        Vector3.new(2626.11, 362.90, -758.67),
        Vector3.new(2637.13, 365.65, -758.86),
        Vector3.new(2643.46, 368.87, -758.98),
        Vector3.new(2653.06, 377.43, -759.21),
        Vector3.new(2659.33, 388.60, -759.44),
        Vector3.new(2661.67, 401.30, -759.66),
        Vector3.new(2661.67, 772.40, -758.88),
        Vector3.new(2661.67, 782.99, -758.78),
        Vector3.new(2661.67, 788.74, -758.73),
        Vector3.new(2662.80, 800.41, -758.63),
        Vector3.new(2666.03, 810.34, -758.53),
        Vector3.new(2670.38, 817.96, -758.45),
        Vector3.new(2678.66, 827.81, -758.34),
        Vector3.new(2698.75, 838.92, -758.13),
        Vector3.new(2712.99, 838.95, -758.01),
        Vector3.new(2718.83, 838.90, -757.96),
        Vector3.new(2739.89, 838.90, -757.76),
        Vector3.new(2827.86, 838.91, -759.53),
        Vector3.new(2842.17, 838.91, -784.25),
        Vector3.new(3250.76, 797.68, -801.15),
        Vector3.new(3309.00, 797.68, -801.42),
        Vector3.new(3714.39, 730.91, -785.14),
        Vector3.new(3728.26, 730.91, -759.39),
        Vector3.new(3866.04, 730.91, -759.22),
        Vector3.new(3865.70, 730.91, -770.10),
        Vector3.new(3885.46, 730.91, -770.71),
        Vector3.new(4373.69, 730.19, -764.58),
        Vector3.new(4389.67, 730.19, -761.41),
        Vector3.new(4406.72, 730.19, -759.54),
        Vector3.new(4510.19, 730.20, -758.85),
        Vector3.new(4528.99, 730.20, -758.96),
        Vector3.new(4644.80, 730.20, -597.94),
        Vector3.new(4743.69, 729.85, -598.74),
        Vector3.new(4852.00, 730.20, -599.07),
        Vector3.new(4846.67, 730.20, -759.97),
        Vector3.new(4872.15, 730.20, -759.64),
        Vector3.new(4913.42, 719.72, -756.00),
        Vector3.new(5985.82, 719.72, -759.65),
        Vector3.new(6052.42, 720.22, -758.68),
        Vector3.new(6121.30, 720.22, -756.37),
        Vector3.new(6952.91, 720.22, -758.57),
        Vector3.new(7053.63, 720.23, -758.68),
        Vector3.new(7072.66, 720.23, -758.66),
        Vector3.new(7122.37, 664.70, -760.65),
        Vector3.new(8170.61, 664.70, -759.28),
        Vector3.new(8215.46, 664.70, -759.36),
        Vector3.new(8217.53, 662.24, -735.36)
    },

    ["150k"] = {
        Vector3.new(-442.19, 363.00, -759.23),
        Vector3.new(-310.37, 362.46, -736.06),
        Vector3.new(-180.89, 362.46, -734.21),
        Vector3.new(-148.69, 362.46, -759.40),
        Vector3.new(-130.50, 362.45, -758.93),
        Vector3.new(-116.72, 362.45, -747.95),
        Vector3.new(-101.19, 362.46, -742.97),
        Vector3.new(83.88, 362.46, -744.66),
        Vector3.new(93.19, 362.47, -749.10),
        Vector3.new(100.93, 362.47, -759.84),
        Vector3.new(467.23, 362.47, -761.26),
        Vector3.new(506.03, 362.47, -782.45),
        Vector3.new(572.91, 362.47, -792.93),
        Vector3.new(633.25, 362.47, -789.46),
        Vector3.new(735.88, 362.47, -767.64),
        Vector3.new(773.43, 362.47, -760.84),
        Vector3.new(1136.58, 362.47, -761.14),
        Vector3.new(1198.15, 362.58, -760.83),
        Vector3.new(1275.82, 363.12, -757.76),
        Vector3.new(1300.07, 362.72, -715.99),
        Vector3.new(1401.12, 362.40, -713.92),
        Vector3.new(1550.40, 363.06, -756.49),
        Vector3.new(1564.88, 363.06, -759.67),
        Vector3.new(1696.60, 362.55, -762.39),
        Vector3.new(1728.25, 362.23, -713.64),
        Vector3.new(1746.11, 362.23, -710.91),
        Vector3.new(1881.55, 361.91, -709.34),
        Vector3.new(2130.35, 362.11, -756.07),
        Vector3.new(2254.59, 362.56, -759.10),
        Vector3.new(2289.60, 362.23, -707.37),
        Vector3.new(2333.73, 362.17, -711.31),
        Vector3.new(2456.02, 362.86, -754.27),
        Vector3.new(2616.52, 362.89, -758.51),
        Vector3.new(2626.11, 362.90, -758.67),
        Vector3.new(2637.13, 365.65, -758.86),
        Vector3.new(2643.46, 368.87, -758.98),
        Vector3.new(2653.06, 377.43, -759.21),
        Vector3.new(2659.33, 388.60, -759.44),
        Vector3.new(2661.67, 401.30, -759.66),
        Vector3.new(2661.67, 772.40, -758.88),
        Vector3.new(2661.67, 782.99, -758.78),
        Vector3.new(2661.67, 788.74, -758.73),
        Vector3.new(2662.80, 800.41, -758.63),
        Vector3.new(2666.03, 810.34, -758.53),
        Vector3.new(2670.38, 817.96, -758.45),
        Vector3.new(2678.66, 827.81, -758.34),
        Vector3.new(2698.75, 838.92, -758.13),
        Vector3.new(2712.99, 838.95, -758.01),
        Vector3.new(2718.83, 838.90, -757.96),
        Vector3.new(2739.89, 838.90, -757.76),
        Vector3.new(2827.86, 838.91, -759.53),
        Vector3.new(2842.17, 838.91, -784.25),
        Vector3.new(3250.76, 797.68, -801.15),
        Vector3.new(3309.00, 797.68, -801.42),
        Vector3.new(3714.39, 730.91, -785.14),
        Vector3.new(3728.26, 730.91, -759.39),
        Vector3.new(3866.04, 730.91, -759.22),
        Vector3.new(3865.70, 730.91, -770.10),
        Vector3.new(3885.46, 730.91, -770.71),
        Vector3.new(4373.69, 730.19, -764.58),
        Vector3.new(4389.67, 730.19, -761.41),
        Vector3.new(4406.72, 730.19, -759.54),
        Vector3.new(4510.19, 730.20, -758.85),
        Vector3.new(4528.99, 730.20, -758.96),
        Vector3.new(4644.80, 730.20, -597.94),
        Vector3.new(4743.69, 729.85, -598.74),
        Vector3.new(4852.00, 730.20, -599.07),
        Vector3.new(4846.67, 730.20, -759.97),
        Vector3.new(4872.15, 730.20, -759.64),
        Vector3.new(4913.42, 719.72, -756.00),
        Vector3.new(5985.82, 719.72, -759.65),
        Vector3.new(6052.42, 720.22, -758.68),
        Vector3.new(6121.30, 720.22, -756.37),
        Vector3.new(6952.91, 720.22, -758.57),
        Vector3.new(7053.63, 720.23, -758.68),
        Vector3.new(7072.66, 720.23, -758.66),
        Vector3.new(7122.37, 664.70, -760.65),
        Vector3.new(8170.61, 664.70, -759.28),
        Vector3.new(8215.46, 664.70, -759.36),
        Vector3.new(8379.08, 664.69, -759.94),
        Vector3.new(8537.18, 664.69, -757.39),
        Vector3.new(8536.82, 664.69, -790.58),
        Vector3.new(8538.72, 664.69, -894.86),
        Vector3.new(8983.08, 664.69, -895.38),
        Vector3.new(9147.14, 664.69, -776.22),
        Vector3.new(9167.59, 664.69, -759.91),
        Vector3.new(9261.95, 664.69, -759.90),
        Vector3.new(9263.79, 662.23, -735.95)
    },

    ["350k"] = {
        Vector3.new(-442.19, 363.00, -759.23),
        Vector3.new(-310.37, 362.46, -736.06),
        Vector3.new(-180.89, 362.46, -734.21),
        Vector3.new(-148.69, 362.46, -759.40),
        Vector3.new(-130.50, 362.45, -758.93),
        Vector3.new(-116.72, 362.45, -747.95),
        Vector3.new(-101.19, 362.46, -742.97),
        Vector3.new(83.88, 362.46, -744.66),
        Vector3.new(93.19, 362.47, -749.10),
        Vector3.new(100.93, 362.47, -759.84),
        Vector3.new(467.23, 362.47, -761.26),
        Vector3.new(506.03, 362.47, -782.45),
        Vector3.new(572.91, 362.47, -792.93),
        Vector3.new(633.25, 362.47, -789.46),
        Vector3.new(735.88, 362.47, -767.64),
        Vector3.new(773.43, 362.47, -760.84),
        Vector3.new(1136.58, 362.47, -761.14),
        Vector3.new(1198.15, 362.58, -760.83),
        Vector3.new(1275.82, 363.12, -757.76),
        Vector3.new(1300.07, 362.72, -715.99),
        Vector3.new(1401.12, 362.40, -713.92),
        Vector3.new(1550.40, 363.06, -756.49),
        Vector3.new(1564.88, 363.06, -759.67),
        Vector3.new(1696.60, 362.55, -762.39),
        Vector3.new(1728.25, 362.23, -713.64),
        Vector3.new(1746.11, 362.23, -710.91),
        Vector3.new(1881.55, 361.91, -709.34),
        Vector3.new(2130.35, 362.11, -756.07),
        Vector3.new(2254.59, 362.56, -759.10),
        Vector3.new(2289.60, 362.23, -707.37),
        Vector3.new(2333.73, 362.17, -711.31),
        Vector3.new(2456.02, 362.86, -754.27),
        Vector3.new(2616.52, 362.89, -758.51),
        Vector3.new(2626.11, 362.90, -758.67),
        Vector3.new(2637.13, 365.65, -758.86),
        Vector3.new(2643.46, 368.87, -758.98),
        Vector3.new(2653.06, 377.43, -759.21),
        Vector3.new(2659.33, 388.60, -759.44),
        Vector3.new(2661.67, 401.30, -759.66),
        Vector3.new(2661.67, 772.40, -758.88),
        Vector3.new(2661.67, 782.99, -758.78),
        Vector3.new(2661.67, 788.74, -758.73),
        Vector3.new(2662.80, 800.41, -758.63),
        Vector3.new(2666.03, 810.34, -758.53),
        Vector3.new(2670.38, 817.96, -758.45),
        Vector3.new(2678.66, 827.81, -758.34),
        Vector3.new(2698.75, 838.92, -758.13),
        Vector3.new(2712.99, 838.95, -758.01),
        Vector3.new(2718.83, 838.90, -757.96),
        Vector3.new(2739.89, 838.90, -757.76),
        Vector3.new(2827.86, 838.91, -759.53),
        Vector3.new(2842.17, 838.91, -784.25),
        Vector3.new(3250.76, 797.68, -801.15),
        Vector3.new(3309.00, 797.68, -801.42),
        Vector3.new(3714.39, 730.91, -785.14),
        Vector3.new(3728.26, 730.91, -759.39),
        Vector3.new(3866.04, 730.91, -759.22),
        Vector3.new(3865.70, 730.91, -770.10),
        Vector3.new(3885.46, 730.91, -770.71),
        Vector3.new(4373.69, 730.19, -764.58),
        Vector3.new(4389.67, 730.19, -761.41),
        Vector3.new(4406.72, 730.19, -759.54),
        Vector3.new(4510.19, 730.20, -758.85),
        Vector3.new(4528.99, 730.20, -758.96),
        Vector3.new(4644.80, 730.20, -597.94),
        Vector3.new(4743.69, 729.85, -598.74),
        Vector3.new(4852.00, 730.20, -599.07),
        Vector3.new(4846.67, 730.20, -759.97),
        Vector3.new(4872.15, 730.20, -759.64),
        Vector3.new(4913.42, 719.72, -756.00),
        Vector3.new(5985.82, 719.72, -759.65),
        Vector3.new(6052.42, 720.22, -758.68),
        Vector3.new(6121.30, 720.22, -756.37),
        Vector3.new(6952.91, 720.22, -758.57),
        Vector3.new(7053.63, 720.23, -758.68),
        Vector3.new(7072.66, 720.23, -758.66),
        Vector3.new(7122.37, 664.70, -760.65),
        Vector3.new(8170.61, 664.70, -759.28),
        Vector3.new(8215.46, 664.70, -759.36),
        Vector3.new(8379.08, 664.69, -759.94),
        Vector3.new(8537.18, 664.69, -757.39),
        Vector3.new(8536.82, 664.69, -790.58),
        Vector3.new(8538.72, 664.69, -894.86),
        Vector3.new(8983.08, 664.69, -895.38),
        Vector3.new(9147.14, 664.69, -776.22),
        Vector3.new(9167.59, 664.69, -759.91),
        Vector3.new(9261.95, 664.69, -759.90),
        Vector3.new(9327.46, 664.13, -758.48),
        Vector3.new(9950.03, 639.26, -760.31),
        Vector3.new(10313.03, 639.36, -761.28),
        Vector3.new(10312.88, 639.36, -772.92),
        Vector3.new(10312.77, 639.36, -781.34),
        Vector3.new(10312.73, 639.36, -784.29),
        Vector3.new(10323.50, 639.36, -784.44),
        Vector3.new(10358.32, 652.66, -781.46),
        Vector3.new(10411.12, 663.42, -781.58),
        Vector3.new(10446.07, 665.24, -780.22),
        Vector3.new(10452.95, 664.13, -779.96),
        Vector3.new(10471.84, 664.13, -766.17),
        Vector3.new(10562.82, 664.13, -791.70),
        Vector3.new(10618.43, 677.99, -791.06),
        Vector3.new(10882.79, 677.99, -790.09),
        Vector3.new(11207.34, 639.36, -756.76),
        Vector3.new(11311.99, 639.36, -757.24),
        Vector3.new(11432.33, 609.46, -758.72),
        Vector3.new(11544.59, 609.46, -759.43),
        Vector3.new(11542.83, 607.00, -736.37)
    },

    ["1m"] = {
        Vector3.new(-439.38, 363.00, -759.40),
        Vector3.new(-245.40, 362.46, -760.62),
        Vector3.new(-230.80, 368.56, -758.32),
        Vector3.new(-196.78, 362.46, -758.86),
        Vector3.new(-131.78, 362.45, -760.62),
        Vector3.new(-97.49, 362.46, -761.04),
        Vector3.new(-54.81, 369.40, -758.69),
        Vector3.new(12.41, 370.77, -759.65),
        Vector3.new(98.49, 363.10, -761.26),
        Vector3.new(463.93, 362.47, -760.33),
        Vector3.new(497.64, 362.47, -757.99),
        Vector3.new(509.28, 362.47, -759.73),
        Vector3.new(577.61, 362.47, -779.74),
        Vector3.new(732.53, 362.47, -761.82),
        Vector3.new(783.90, 362.47, -761.37),
        Vector3.new(1083.11, 362.47, -758.09),
        Vector3.new(1139.03, 362.47, -758.76),
        Vector3.new(1286.34, 363.24, -758.28),
        Vector3.new(1557.64, 363.06, -750.72),
        Vector3.new(1568.21, 363.06, -760.45),
        Vector3.new(1703.58, 362.63, -757.29),
        Vector3.new(1716.23, 362.76, -756.99),
        Vector3.new(2044.26, 362.11, -749.82),
        Vector3.new(2265.39, 362.68, -750.98),
        Vector3.new(2447.87, 362.86, -750.49),
        Vector3.new(2628.06, 363.25, -757.96),
        Vector3.new(2634.72, 364.78, -758.11),
        Vector3.new(2646.08, 370.61, -758.37),
        Vector3.new(2655.69, 381.07, -758.67),
        Vector3.new(2660.47, 391.70, -758.90),
        Vector3.new(2661.22, 395.94, -758.99),
        Vector3.new(2661.68, 411.48, -759.30),
        Vector3.new(2661.67, 425.81, -759.59),
        Vector3.new(2661.67, 437.64, -759.82),
        Vector3.new(2661.67, 782.73, -758.33),
        Vector3.new(2661.67, 792.13, -758.35),
        Vector3.new(263.67, 805.12, -758.38),
        Vector3.new(2669.55, 816.53, -758.41),
        Vector3.new(2675.60, 824.26, -758.43),
        Vector3.new(2680.63, 828.59, -758.44),
        Vector3.new(2684.32, 831.33, -758.45),
        Vector3.new(2688.88, 833.85, -758.46),
        Vector3.new(2688.92, 833.87, -758.46),
        Vector3.new(2691.83, 835.16, -759.16),
        Vector3.new(2706.23, 838.89, -759.20),
        Vector3.new(2720.02, 839.84, -759.24),
        Vector3.new(2725.29, 838.90, -759.25),
        Vector3.new(2732.70, 838.90, -759.27),
        Vector3.new(2740.90, 838.90, -759.29),
        Vector3.new(2744.99, 838.90, -759.30),
        Vector3.new(2833.50, 838.91, -758.94),
        Vector3.new(2841.67, 838.91, -783.34),
        Vector3.new(3249.66, 796.68, -801.64),
        Vector3.new(3310.54, 798.22, -800.31),
        Vector3.new(3715.14, 730.91, -781.54),
        Vector3.new(3725.97, 730.91, -761.99),
        Vector3.new(3851.34, 730.91, -758.78),
        Vector3.new(3867.13, 735.72, -760.01),
        Vector3.new(3871.93, 737.09, -760.33),
        Vector3.new(3879.11, 739.24, -760.29),
        Vector3.new(3889.49, 742.34, -760.24),
        Vector3.new(3899.07, 745.20, -760.19),
        Vector3.new(4368.31, 743.45, -759.18),
        Vector3.new(4386.10, 734.18, -759.32),
        Vector3.new(4399.46, 730.19, -758.97),
        Vector3.new(4410.32, 730.18, -759.01),
        Vector3.new(4505.75, 730.20, -759.33),
        Vector3.new(4523.24, 730.20, -760.21),
        Vector3.new(4640.64, 727.87, -601.10),
        Vector3.new(4746.81, 730.09, -599.12),
        Vector3.new(4853.50, 730.20, -600.71),
        Vector3.new(4850.42, 730.20, -759.86),
        Vector3.new(4871.86, 730.20, -760.05),
        Vector3.new(4914.51, 719.72, -759.16),
        Vector3.new(5989.06, 719.72, -758.97),
        Vector3.new(6053.14, 720.22, -759.78),
        Vector3.new(6075.37, 720.22, -759.78),
        Vector3.new(6099.17, 720.22, -759.78),
        Vector3.new(6704.93, 720.22, -761.49),
        Vector3.new(7056.26, 720.23, -758.97),
        Vector3.new(7195.07, 664.69, -759.48),
        Vector3.new(7278.26, 664.69, -760.21),
        Vector3.new(7459.51, 664.69, -761.79),
        Vector3.new(7589.51, 663.89, -762.93),
        Vector3.new(8214.82, 664.70, -760.01),
        Vector3.new(8363.03, 664.69, -759.76),
        Vector3.new(8537.35, 664.69, -755.31),
        Vector3.new(8538.70, 664.69, -895.59),
        Vector3.new(8983.65, 664.69, -896.30),
        Vector3.new(9149.35, 664.69, -768.48),
        Vector3.new(9150.84, 664.69, -760.82),
        Vector3.new(9260.08, 664.69, -759.10),
        Vector3.new(9330.24, 664.13, -758.99),
        Vector3.new(9953.29, 640.01, -762.30),
        Vector3.new(10282.89, 639.36, -759.85),
        Vector3.new(10291.72, 639.36, -759.77),
        Vector3.new(10308.62, 643.72, -759.31),
        Vector3.new(10328.56, 653.93, -757.62),
        Vector3.new(10359.99, 667.26, -757.77),
        Vector3.new(10447.40, 666.33, -757.71),
        Vector3.new(10456.49, 665.44, -757.20),
        Vector3.new(10462.26, 664.13, -757.50),
        Vector3.new(10557.00, 664.13, -758.45),
        Vector3.new(11205.21, 639.36, -759.64),
        Vector3.new(11313.40, 639.36, -759.78),
        Vector3.new(11426.41, 609.46, -759.80),
        Vector3.new(11539.89, 609.46, -759.43),
        Vector3.new(11593.88, 610.56, -757.81),
        Vector3.new(11693.72, 610.55, -759.71),
        Vector3.new(11711.86, 611.84, -759.84),
        Vector3.new(11723.63, 614.76, -759.93),
        Vector3.new(11737.91, 620.44, -760.04),
        Vector3.new(11749.34, 627.45, -760.15),
        Vector3.new(11760.53, 635.30, -760.24),
        Vector3.new(11770.75, 641.95, -760.33),
        Vector3.new(11790.16, 652.75, -760.49),
        Vector3.new(11804.02, 659.49, -760.60),
        Vector3.new(11819.51, 666.05, -760.71),
        Vector3.new(11829.40, 669.82, -760.80),
        Vector3.new(11845.89, 675.11, -760.92),
        Vector3.new(11859.95, 678.88, -761.02),
        Vector3.new(11887.71, 684.13, -761.23),
        Vector3.new(11904.80, 686.16, -761.35),
        Vector3.new(11919.32, 687.10, -761.46),
        Vector3.new(11939.26, 687.28, -761.60),
        Vector3.new(12092.65, 586.31, -759.49),
        Vector3.new(12125.00, 586.31, -758.27),
        Vector3.new(12150.89, 586.31, -757.29),
        Vector3.new(12168.50, 586.31, -756.62),
        Vector3.new(12531.81, 586.31, -758.70),
        Vector3.new(12678.90, 586.31, -760.84),
        Vector3.new(12679.61, 586.31, -785.00),
        Vector3.new(12692.76, 586.31, -784.62),
        Vector3.new(13452.11, 586.31, -783.54),
        Vector3.new(13472.78, 586.31, -764.98),
        Vector3.new(13490.43, 586.31, -758.62),
        Vector3.new(14169.28, 586.67, -760.71),
        Vector3.new(14787.78, 577.64, -759.72),
        Vector3.new(15094.31, 610.89, -759.96),
        Vector3.new(15118.28, 611.57, -761.23),
        Vector3.new(15118.83, 609.10, -736.67)
    }
}

return WaypointsData
