-- File: WaypointsData.lua
-- Unified Waypoints Data | GitHub Raw Ready

local WaypointsData = {
    ["1"] = {
        Vector3.new(1.70, 10.41, 2.96),
        Vector3.new(2.88, 8.86, 280.07),
        Vector3.new(-11.49, 7.42, 283.42),
    },

    ["3"] = {
        Vector3.new(1.70, 10.41, 2.96),
        Vector3.new(2.88, 8.86, 280.07),
        Vector3.new(3.17, 8.86, 296.69),
        Vector3.new(3.34, 8.86, 306.37),
        Vector3.new(-67.23, 8.86, 310.07),
        Vector3.new(-66.09, 8.86, 471.11),
        Vector3.new(-1.57, 8.86, 475.49),
        Vector3.new(-1.30, 8.86, 490.75),
        Vector3.new(-1.10, 8.86, 502.64),
        Vector3.new(-12.83, 7.86, 503.59),
    },

    ["10"] = {
        Vector3.new(1.70, 10.41, 2.96),
        Vector3.new(2.88, 8.86, 280.07),
        Vector3.new(3.17, 8.86, 296.69),
        Vector3.new(3.34, 8.86, 306.37),
        Vector3.new(-67.23, 8.86, 310.07),
        Vector3.new(-66.09, 8.86, 471.11),
        Vector3.new(-1.57, 8.86, 475.49),
        Vector3.new(-1.30, 8.86, 490.75),
        Vector3.new(-1.10, 8.86, 502.64),
        Vector3.new(-1.20, 8.86, 523.66),
        Vector3.new(-15.66, 8.86, 523.66),
        Vector3.new(-16.59, 8.86, 548.32),
        Vector3.new(-21.26, 8.86, 558.45),
        Vector3.new(-24.78, 28.50, 616.77),
        Vector3.new(-24.78, 33.00, 629.12),
        Vector3.new(-23.30, 77.15, 751.22),
        Vector3.new(-21.77, 77.15, 752.62),
        Vector3.new(-15.56, 77.15, 759.38),
        Vector3.new(0.39, 77.15, 761.05),
        Vector3.new(-2.28, 77.15, 775.66),
        Vector3.new(-11.81, 76.15, 776.03),
    },

    ["20"] = {
        Vector3.new(1.70, 10.41, 2.96),
        Vector3.new(2.88, 8.86, 280.07),
        Vector3.new(3.17, 8.86, 296.69),
        Vector3.new(3.34, 8.86, 306.37),
        Vector3.new(-67.23, 8.86, 310.07),
        Vector3.new(-66.09, 8.86, 471.11),
        Vector3.new(-1.57, 8.86, 475.49),
        Vector3.new(-1.30, 8.86, 490.75),
        Vector3.new(-1.10, 8.86, 502.64),
        Vector3.new(-1.20, 8.86, 523.66),
        Vector3.new(-15.66, 8.86, 523.66),
        Vector3.new(-16.59, 8.86, 548.32),
        Vector3.new(-21.26, 8.86, 558.45),
        Vector3.new(-24.78, 28.50, 616.77),
        Vector3.new(-24.78, 33.00, 629.12),
        Vector3.new(-23.30, 77.15, 751.22),
        Vector3.new(-21.77, 77.15, 752.62),
        Vector3.new(-15.56, 77.15, 759.38),
        Vector3.new(0.39, 77.15, 761.05),
        Vector3.new(-2.28, 77.15, 775.66),
        Vector3.new(1.73, 77.15, 802.91),
        Vector3.new(1.73, 77.15, 937.04),
        Vector3.new(102.71, 77.15, 937.93),
        Vector3.new(102.14, 77.15, 1002.18),
        Vector3.new(3.66, 77.15, 1002.88),
        Vector3.new(0.40, 77.15, 1104.14),
        Vector3.new(-17.11, 76.15, 1107.81),
    },

    ["50"] = {
        Vector3.new(1.70, 10.41, 2.96),
        Vector3.new(2.88, 8.86, 280.07),
        Vector3.new(3.17, 8.86, 296.69),
        Vector3.new(3.34, 8.86, 306.37),
        Vector3.new(-67.23, 8.86, 310.07),
        Vector3.new(-66.09, 8.86, 471.11),
        Vector3.new(-1.57, 8.86, 475.49),
        Vector3.new(-1.30, 8.86, 490.75),
        Vector3.new(-1.10, 8.86, 502.64),
        Vector3.new(-1.20, 8.86, 523.66),
        Vector3.new(-15.66, 8.86, 523.66),
        Vector3.new(-16.59, 8.86, 548.32),
        Vector3.new(-21.26, 8.86, 558.45),
        Vector3.new(-24.78, 28.50, 616.77),
        Vector3.new(-24.78, 33.00, 629.12),
        Vector3.new(-23.30, 77.15, 751.22),
        Vector3.new(-21.77, 77.15, 752.62),
        Vector3.new(-15.56, 77.15, 759.38),
        Vector3.new(0.39, 77.15, 761.05),
        Vector3.new(-2.28, 77.15, 775.66),
        Vector3.new(1.73, 77.15, 802.91),
        Vector3.new(1.73, 77.15, 937.04),
        Vector3.new(102.71, 77.15, 937.93),
        Vector3.new(102.14, 77.15, 1002.18),
        Vector3.new(3.66, 77.15, 1002.88),
        Vector3.new(0.40, 77.15, 1104.14),
        Vector3.new(1.54, 77.15, 1124.53),
        Vector3.new(1.86, 77.15, 1142.88),
        Vector3.new(0.45, 77.15, 1369.78),
        Vector3.new(1.14, 77.15, 1409.32),
        Vector3.new(-14.90, 76.15, 1408.19),
    },

    ["100"] = {
        Vector3.new(1.70, 10.41, 2.96),
        Vector3.new(2.88, 8.86, 280.07),
        Vector3.new(3.17, 8.86, 296.69),
        Vector3.new(3.34, 8.86, 306.37),
        Vector3.new(-67.23, 8.86, 310.07),
        Vector3.new(-66.09, 8.86, 471.11),
        Vector3.new(-1.57, 8.86, 475.49),
        Vector3.new(-1.30, 8.86, 490.75),
        Vector3.new(-1.10, 8.86, 502.64),
        Vector3.new(-1.20, 8.86, 523.66),
        Vector3.new(-15.66, 8.86, 523.66),
        Vector3.new(-16.59, 8.86, 548.32),
        Vector3.new(-21.26, 8.86, 558.45),
        Vector3.new(-24.78, 28.50, 616.77),
        Vector3.new(-24.78, 33.00, 629.12),
        Vector3.new(-23.30, 77.15, 751.22),
        Vector3.new(-21.77, 77.15, 752.62),
        Vector3.new(-15.56, 77.15, 759.38),
        Vector3.new(0.39, 77.15, 761.05),
        Vector3.new(-2.28, 77.15, 775.66),
        Vector3.new(1.73, 77.15, 802.91),
        Vector3.new(1.73, 77.15, 937.04),
        Vector3.new(102.71, 77.15, 937.93),
        Vector3.new(102.14, 77.15, 1002.18),
        Vector3.new(3.66, 77.15, 1002.88),
        Vector3.new(0.40, 77.15, 1104.14),
        Vector3.new(1.54, 77.15, 1124.53),
        Vector3.new(1.86, 77.15, 1142.88),
        Vector3.new(0.45, 77.15, 1369.78),
        Vector3.new(1.14, 77.15, 1409.32),
        Vector3.new(1.54, 77.15, 1424.81),
        Vector3.new(1.96, 105.04, 1418.65),
        Vector3.new(1.35, 105.14, 1461.15),
        Vector3.new(-505.89, 114.10, 1465.72),
        Vector3.new(-504.07, 54.51, 1465.47),
        Vector3.new(-538.75, 54.51, 1467.89),
        Vector3.new(-537.41, 53.50, 1449.49),
    },

    ["150"] = {
        Vector3.new(1.70, 10.41, 2.96),
        Vector3.new(2.88, 8.86, 280.07),
        Vector3.new(3.17, 8.86, 296.69),
        Vector3.new(3.34, 8.86, 306.37),
        Vector3.new(-67.23, 8.86, 310.07),
        Vector3.new(-66.09, 8.86, 471.11),
        Vector3.new(-1.57, 8.86, 475.49),
        Vector3.new(-1.30, 8.86, 490.75),
        Vector3.new(-1.10, 8.86, 502.64),
        Vector3.new(-1.20, 8.86, 523.66),
        Vector3.new(-15.66, 8.86, 523.66),
        Vector3.new(-16.59, 8.86, 548.32),
        Vector3.new(-21.26, 8.86, 558.45),
        Vector3.new(-24.78, 28.50, 616.77),
        Vector3.new(-24.78, 33.00, 629.12),
        Vector3.new(-23.30, 77.15, 751.22),
        Vector3.new(-21.77, 77.15, 752.62),
        Vector3.new(-15.56, 77.15, 759.38),
        Vector3.new(0.39, 77.15, 761.05),
        Vector3.new(-2.28, 77.15, 775.66),
        Vector3.new(1.73, 77.15, 802.91),
        Vector3.new(1.73, 77.15, 937.04),
        Vector3.new(102.71, 77.15, 937.93),
        Vector3.new(102.14, 77.15, 1002.18),
        Vector3.new(3.66, 77.15, 1002.88),
        Vector3.new(0.40, 77.15, 1104.14),
        Vector3.new(1.54, 77.15, 1124.53),
        Vector3.new(1.86, 77.15, 1142.88),
        Vector3.new(0.45, 77.15, 1369.78),
        Vector3.new(1.14, 77.15, 1409.32),
        Vector3.new(1.54, 77.15, 1424.81),
        Vector3.new(1.96, 105.04, 1418.65),
        Vector3.new(1.35, 105.14, 1461.15),
        Vector3.new(-505.89, 114.10, 1465.72),
        Vector3.new(-504.07, 54.51, 1465.47),
        Vector3.new(-538.75, 54.51, 1467.89),
        Vector3.new(-574.24, 54.51, 1466.34),
        Vector3.new(-969.26, 54.51, 1466.43),
        Vector3.new(-1007.74, 54.51, 1467.11),
        Vector3.new(-1006.71, 53.50, 1451.85),
    },

    ["300"] = {
        Vector3.new(1.70, 10.41, 2.96),
        Vector3.new(2.88, 8.86, 280.07),
        Vector3.new(3.17, 8.86, 296.69),
        Vector3.new(3.34, 8.86, 306.37),
        Vector3.new(-67.23, 8.86, 310.07),
        Vector3.new(-66.09, 8.86, 471.11),
        Vector3.new(-1.57, 8.86, 475.49),
        Vector3.new(-1.30, 8.86, 490.75),
        Vector3.new(-1.10, 8.86, 502.64),
        Vector3.new(-1.20, 8.86, 523.66),
        Vector3.new(-15.66, 8.86, 523.66),
        Vector3.new(-16.59, 8.86, 548.32),
        Vector3.new(-21.26, 8.86, 558.45),
        Vector3.new(-24.78, 28.50, 616.77),
        Vector3.new(-24.78, 33.00, 629.12),
        Vector3.new(-23.30, 77.15, 751.22),
        Vector3.new(-21.77, 77.15, 752.62),
        Vector3.new(-15.56, 77.15, 759.38),
        Vector3.new(0.39, 77.15, 761.05),
        Vector3.new(-2.28, 77.15, 775.66),
        Vector3.new(1.73, 77.15, 802.91),
        Vector3.new(1.73, 77.15, 937.04),
        Vector3.new(102.71, 77.15, 937.93),
        Vector3.new(102.14, 77.15, 1002.18),
        Vector3.new(3.66, 77.15, 1002.88),
        Vector3.new(0.40, 77.15, 1104.14),
        Vector3.new(1.54, 77.15, 1124.53),
        Vector3.new(1.86, 77.15, 1142.88),
        Vector3.new(0.45, 77.15, 1369.78),
        Vector3.new(1.14, 77.15, 1409.32),
        Vector3.new(1.54, 77.15, 1424.81),
        Vector3.new(1.96, 105.04, 1418.65),
        Vector3.new(1.35, 105.14, 1461.15),
        Vector3.new(-505.89, 114.10, 1465.72),
        Vector3.new(-504.07, 54.51, 1465.47),
        Vector3.new(-538.75, 54.51, 1467.89),
        Vector3.new(-574.24, 54.51, 1466.34),
        Vector3.new(-969.26, 54.51, 1466.43),
        Vector3.new(-1007.74, 54.51, 1467.11),
        Vector3.new(-1049.42, 54.51, 1466.69),
        Vector3.new(-1086.67, 54.51, 1466.36),
        Vector3.new(-1087.84, 138.50, 1466.35),
        Vector3.new(-1087.84, 200.63, 1466.35),
        Vector3.new(-1087.84, 242.63, 1466.35),
        Vector3.new(-1087.84, 291.63, 1466.35),
        Vector3.new(-1089.13, 296.51, 1467.03),
        Vector3.new(-1122.73, 296.51, 1467.03),
        Vector3.new(-1122.03, 295.50, 1449.62),
    },

    ["500"] = {
        Vector3.new(1.70, 10.41, 2.96),
        Vector3.new(2.88, 8.86, 280.07),
        Vector3.new(3.17, 8.86, 296.69),
        Vector3.new(3.34, 8.86, 306.37),
        Vector3.new(-67.23, 8.86, 310.07),
        Vector3.new(-66.09, 8.86, 471.11),
        Vector3.new(-1.57, 8.86, 475.49),
        Vector3.new(-1.30, 8.86, 490.75),
        Vector3.new(-1.10, 8.86, 502.64),
        Vector3.new(-1.20, 8.86, 523.66),
        Vector3.new(-15.66, 8.86, 523.66),
        Vector3.new(-16.59, 8.86, 548.32),
        Vector3.new(-21.26, 8.86, 558.45),
        Vector3.new(-24.78, 28.50, 616.77),
        Vector3.new(-24.78, 33.00, 629.12),
        Vector3.new(-23.30, 77.15, 751.22),
        Vector3.new(-21.77, 77.15, 752.62),
        Vector3.new(-15.56, 77.15, 759.38),
        Vector3.new(0.39, 77.15, 761.05),
        Vector3.new(-2.28, 77.15, 775.66),
        Vector3.new(1.73, 77.15, 802.91),
        Vector3.new(1.73, 77.15, 937.04),
        Vector3.new(102.71, 77.15, 937.93),
        Vector3.new(102.14, 77.15, 1002.18),
        Vector3.new(3.66, 77.15, 1002.88),
        Vector3.new(0.40, 77.15, 1104.14),
        Vector3.new(1.54, 77.15, 1124.53),
        Vector3.new(1.86, 77.15, 1142.88),
        Vector3.new(0.45, 77.15, 1369.78),
        Vector3.new(1.14, 77.15, 1409.32),
        Vector3.new(1.54, 77.15, 1424.81),
        Vector3.new(1.96, 105.04, 1418.65),
        Vector3.new(1.35, 105.14, 1461.15),
        Vector3.new(-505.89, 114.10, 1465.72),
        Vector3.new(-504.07, 54.51, 1465.47),
        Vector3.new(-538.75, 54.51, 1467.89),
        Vector3.new(-574.24, 54.51, 1466.34),
        Vector3.new(-969.26, 54.51, 1466.43),
        Vector3.new(-1007.74, 54.51, 1467.11),
        Vector3.new(-1049.42, 54.51, 1466.69),
        Vector3.new(-1086.67, 54.51, 1466.36),
        Vector3.new(-1087.84, 138.50, 1466.35),
        Vector3.new(-1087.84, 200.63, 1466.35),
        Vector3.new(-1087.84, 242.63, 1466.35),
        Vector3.new(-1087.84, 291.63, 1466.35),
        Vector3.new(-1089.13, 296.51, 1467.03),
        Vector3.new(-1122.73, 296.51, 1467.03),
        Vector3.new(-1220.31, 297.33, 1468.34),
        Vector3.new(-1244.56, 303.83, 1468.55),
        Vector3.new(-1349.70, 282.48, 1465.89),
        Vector3.new(-1368.98, 282.48, 1465.37),
        Vector3.new(-1374.29, 286.56, 1464.95),
        Vector3.new(-1381.74, 294.00, 1464.36),
        Vector3.new(-1387.16, 299.43, 1464.37),
        Vector3.new(-1394.27, 306.55, 1463.81),
        Vector3.new(-1400.41, 312.69, 1463.33),
        Vector3.new(-1406.91, 319.19, 1462.73),
        Vector3.new(-1413.56, 325.84, 1462.13),
        Vector3.new(-1419.07, 331.35, 1461.70),
        Vector3.new(-1423.31, 335.59, 1461.37),
        Vector3.new(-1425.69, 336.88, 1461.18),
        Vector3.new(-1505.22, 336.88, 1461.18),
        Vector3.new(-1571.35, 321.28, 1461.18),
        Vector3.new(-1614.76, 321.28, 1461.18),
        Vector3.new(-1741.72, 290.88, 1454.40),
        Vector3.new(-1772.30, 290.88, 1452.77),
        Vector3.new(-1790.66, 294.23, 1453.48),
        Vector3.new(-1802.31, 297.35, 1452.23),
        Vector3.new(-1821.53, 302.50, 1451.04),
        Vector3.new(-1834.90, 306.94, 1452.21),
        Vector3.new(-1857.86, 315.85, 1454.22),
        Vector3.new(-1934.03, 307.46, 1451.18),
        Vector3.new(-2041.96, 307.46, 1448.72),
        Vector3.new(-2124.58, 306.74, 1447.67),
        Vector3.new(-2179.39, 325.73, 1448.15),
        Vector3.new(-2243.66, 314.08, 1445.07),
        Vector3.new(-2308.92, 314.08, 1447.74),
        Vector3.new(-2341.69, 324.72, 1447.45),
        Vector3.new(-2410.02, 322.78, 1442.40),
        Vector3.new(-2478.86, 322.78, 1439.20),
        Vector3.new(-2526.59, 322.78, 1439.71),
        Vector3.new(-2594.63, 294.28, 1437.92),
        Vector3.new(-2679.05, 294.28, 1437.60),
        Vector3.new(-2695.12, 294.28, 1437.04),
        Vector3.new(-2710.53, 294.28, 1450.04),
        Vector3.new(-2719.28, 294.28, 1466.04),
        Vector3.new(-2729.80, 294.28, 1466.33),
        Vector3.new(-2742.16, 294.28, 1465.90),
        Vector3.new(-2763.13, 299.65, 1466.36),
        Vector3.new(-2785.32, 307.62, 1466.59),
        Vector3.new(-2872.17, 283.34, 1465.92),
        Vector3.new(-2890.51, 283.34, 1466.86),
        Vector3.new(-2932.71, 295.11, 1465.38),
        Vector3.new(-2938.68, 296.51, 1465.17),
        Vector3.new(-2969.97, 296.51, 1467.68),
        Vector3.new(-2971.60, 295.50, 1449.21),
    },

    ["1k"] = {
        Vector3.new(1.70, 10.41, 2.96),
        Vector3.new(2.88, 8.86, 280.07),
        Vector3.new(3.17, 8.86, 296.69),
        Vector3.new(3.34, 8.86, 306.37),
        Vector3.new(-67.23, 8.86, 310.07),
        Vector3.new(-66.09, 8.86, 471.11),
        Vector3.new(-1.57, 8.86, 475.49),
        Vector3.new(-1.30, 8.86, 490.75),
        Vector3.new(-1.10, 8.86, 502.64),
        Vector3.new(-1.20, 8.86, 523.66),
        Vector3.new(-15.66, 8.86, 523.66),
        Vector3.new(-16.59, 8.86, 548.32),
        Vector3.new(-21.26, 8.86, 558.45),
        Vector3.new(-24.78, 28.50, 616.77),
        Vector3.new(-24.78, 33.00, 629.12),
        Vector3.new(-23.30, 77.15, 751.22),
        Vector3.new(-21.77, 77.15, 752.62),
        Vector3.new(-15.56, 77.15, 759.38),
        Vector3.new(0.39, 77.15, 761.05),
        Vector3.new(-2.28, 77.15, 775.66),
        Vector3.new(1.73, 77.15, 802.91),
        Vector3.new(1.73, 77.15, 937.04),
        Vector3.new(102.71, 77.15, 937.93),
        Vector3.new(102.14, 77.15, 1002.18),
        Vector3.new(3.66, 77.15, 1002.88),
        Vector3.new(0.40, 77.15, 1104.14),
        Vector3.new(1.54, 77.15, 1124.53),
        Vector3.new(1.86, 77.15, 1142.88),
        Vector3.new(0.45, 77.15, 1369.78),
        Vector3.new(1.14, 77.15, 1409.32),
        Vector3.new(1.54, 77.15, 1424.81),
        Vector3.new(1.96, 105.04, 1418.65),
        Vector3.new(1.35, 105.14, 1461.15),
        Vector3.new(-505.89, 114.10, 1465.72),
        Vector3.new(-504.07, 54.51, 1465.47),
        Vector3.new(-538.75, 54.51, 1467.89),
        Vector3.new(-574.24, 54.51, 1466.34),
        Vector3.new(-969.26, 54.51, 1466.43),
        Vector3.new(-1007.74, 54.51, 1467.11),
        Vector3.new(-1049.42, 54.51, 1466.69),
        Vector3.new(-1086.67, 54.51, 1466.36),
        Vector3.new(-1087.84, 138.50, 1466.35),
        Vector3.new(-1087.84, 200.63, 1466.35),
        Vector3.new(-1087.84, 242.63, 1466.35),
        Vector3.new(-1087.84, 291.63, 1466.35),
        Vector3.new(-1089.13, 296.51, 1467.03),
        Vector3.new(-1122.73, 296.51, 1467.03),
        Vector3.new(-1220.31, 297.33, 1468.34),
        Vector3.new(-1244.56, 303.83, 1468.55),
        Vector3.new(-1349.70, 282.48, 1465.89),
        Vector3.new(-1368.98, 282.48, 1465.37),
        Vector3.new(-1374.29, 286.56, 1464.95),
        Vector3.new(-1381.74, 294.00, 1464.36),
        Vector3.new(-1387.16, 299.43, 1464.37),
        Vector3.new(-1394.27, 306.55, 1463.81),
        Vector3.new(-1400.41, 312.69, 1463.33),
        Vector3.new(-1406.91, 319.19, 1462.73),
        Vector3.new(-1413.56, 325.84, 1462.13),
        Vector3.new(-1419.07, 331.35, 1461.70),
        Vector3.new(-1423.31, 335.59, 1461.37),
        Vector3.new(-1425.69, 336.88, 1461.18),
        Vector3.new(-1505.22, 336.88, 1461.18),
        Vector3.new(-1571.35, 321.28, 1461.18),
        Vector3.new(-1614.76, 321.28, 1461.18),
        Vector3.new(-1741.72, 290.88, 1454.40),
        Vector3.new(-1772.30, 290.88, 1452.77),
        Vector3.new(-1790.66, 294.23, 1453.48),
        Vector3.new(-1802.31, 297.35, 1452.23),
        Vector3.new(-1821.53, 302.50, 1451.04),
        Vector3.new(-1834.90, 306.94, 1452.21),
        Vector3.new(-1857.86, 315.85, 1454.22),
        Vector3.new(-1934.03, 307.46, 1451.18),
        Vector3.new(-2041.96, 307.46, 1448.72),
        Vector3.new(-2124.58, 306.74, 1447.67),
        Vector3.new(-2179.39, 325.73, 1448.15),
        Vector3.new(-2243.66, 314.08, 1445.07),
        Vector3.new(-2308.92, 314.08, 1447.74),
        Vector3.new(-2341.69, 324.72, 1447.45),
        Vector3.new(-2410.02, 322.78, 1442.40),
        Vector3.new(-2478.86, 322.78, 1439.20),
        Vector3.new(-2526.59, 322.78, 1439.71),
        Vector3.new(-2594.63, 294.28, 1437.92),
        Vector3.new(-2679.05, 294.28, 1437.60),
        Vector3.new(-2695.12, 294.28, 1437.04),
        Vector3.new(-2710.53, 294.28, 1450.04),
        Vector3.new(-2719.28, 294.28, 1466.04),
        Vector3.new(-2729.80, 294.28, 1466.33),
        Vector3.new(-2742.16, 294.28, 1465.90),
        Vector3.new(-2763.13, 299.65, 1466.36),
        Vector3.new(-2785.32, 307.62, 1466.59),
        Vector3.new(-2872.17, 283.34, 1465.92),
        Vector3.new(-2890.51, 283.34, 1466.86),
        Vector3.new(-2932.71, 295.11, 1465.38),
        Vector3.new(-2938.68, 296.51, 1465.17),
        Vector3.new(-2969.97, 296.51, 1467.68),
        Vector3.new(-2995.04, 296.51, 1467.86),
        Vector3.new(-2996.64, 296.51, 1466.96),
        Vector3.new(-2997.52, 296.53, 1467.06),
        Vector3.new(-2998.59, 296.61, 1467.18),
        Vector3.new(-3006.42, 296.61, 1466.27),
        Vector3.new(-3003.47, 296.61, 1309.40),
        Vector3.new(-3885.94, 296.61, 1306.74),
        Vector3.new(-3884.45, 296.61, 1465.49),
        Vector3.new(-3936.81, 296.51, 1467.16),
        Vector3.new(-3940.04, 295.50, 1449.02),
    },

    ["2.5k"] = {
        Vector3.new(1.70, 10.41, 2.96),
        Vector3.new(2.88, 8.86, 280.07),
        Vector3.new(3.17, 8.86, 296.69),
        Vector3.new(3.34, 8.86, 306.37),
        Vector3.new(-67.23, 8.86, 310.07),
        Vector3.new(-66.09, 8.86, 471.11),
        Vector3.new(-1.57, 8.86, 475.49),
        Vector3.new(-1.30, 8.86, 490.75),
        Vector3.new(-1.10, 8.86, 502.64),
        Vector3.new(-1.20, 8.86, 523.66),
        Vector3.new(-15.66, 8.86, 523.66),
        Vector3.new(-16.59, 8.86, 548.32),
        Vector3.new(-21.26, 8.86, 558.45),
        Vector3.new(-24.78, 28.50, 616.77),
        Vector3.new(-24.78, 33.00, 629.12),
        Vector3.new(-23.30, 77.15, 751.22),
        Vector3.new(-21.77, 77.15, 752.62),
        Vector3.new(-15.56, 77.15, 759.38),
        Vector3.new(0.39, 77.15, 761.05),
        Vector3.new(-2.28, 77.15, 775.66),
        Vector3.new(1.73, 77.15, 802.91),
        Vector3.new(1.73, 77.15, 937.04),
        Vector3.new(102.71, 77.15, 937.93),
        Vector3.new(102.14, 77.15, 1002.18),
        Vector3.new(3.66, 77.15, 1002.88),
        Vector3.new(0.40, 77.15, 1104.14),
        Vector3.new(1.54, 77.15, 1124.53),
        Vector3.new(1.86, 77.15, 1142.88),
        Vector3.new(0.45, 77.15, 1369.78),
        Vector3.new(1.14, 77.15, 1409.32),
        Vector3.new(1.54, 77.15, 1424.81),
        Vector3.new(1.96, 105.04, 1418.65),
        Vector3.new(1.35, 105.14, 1461.15),
        Vector3.new(-505.89, 114.10, 1465.72),
        Vector3.new(-504.07, 54.51, 1465.47),
        Vector3.new(-538.75, 54.51, 1467.89),
        Vector3.new(-574.24, 54.51, 1466.34),
        Vector3.new(-969.26, 54.51, 1466.43),
        Vector3.new(-1007.74, 54.51, 1467.11),
        Vector3.new(-1049.42, 54.51, 1466.69),
        Vector3.new(-1086.67, 54.51, 1466.36),
        Vector3.new(-1087.84, 138.50, 1466.35),
        Vector3.new(-1087.84, 200.63, 1466.35),
        Vector3.new(-1087.84, 242.63, 1466.35),
        Vector3.new(-1087.84, 291.63, 1466.35),
        Vector3.new(-1089.13, 296.51, 1467.03),
        Vector3.new(-1122.73, 296.51, 1467.03),
        Vector3.new(-1220.31, 297.33, 1468.34),
        Vector3.new(-1244.56, 303.83, 1468.55),
        Vector3.new(-1349.70, 282.48, 1465.89),
        Vector3.new(-1374.29, 286.56, 1464.95),
        Vector3.new(-1381.74, 294.00, 1464.36),
        Vector3.new(-1387.16, 299.43, 1464.37),
        Vector3.new(-1394.27, 306.55, 1463.81),
        Vector3.new(-1400.41, 312.69, 1463.33),
        Vector3.new(-1406.91, 319.19, 1462.73),
        Vector3.new(-1413.56, 325.84, 1462.13),
        Vector3.new(-1419.07, 331.35, 1461.70),
        Vector3.new(-1423.31, 335.59, 1461.37),
        Vector3.new(-1425.69, 336.88, 1461.18),
        Vector3.new(-1505.22, 336.88, 1461.18),
        Vector3.new(-1571.35, 321.28, 1461.18),
        Vector3.new(-1614.76, 321.28, 1461.18),
        Vector3.new(-1741.72, 290.88, 1454.40),
        Vector3.new(-1772.30, 290.88, 1452.77),
        Vector3.new(-1790.66, 294.23, 1453.48),
        Vector3.new(-1802.31, 297.35, 1452.23),
        Vector3.new(-1821.53, 302.50, 1451.04),
        Vector3.new(-1834.90, 306.94, 1452.21),
        Vector3.new(-1857.86, 315.85, 1454.22),
        Vector3.new(-1934.03, 307.46, 1451.18),
        Vector3.new(-2041.96, 307.46, 1448.72),
        Vector3.new(-2124.58, 306.74, 1447.67),
        Vector3.new(-2179.39, 325.73, 1448.15),
        Vector3.new(-2243.66, 314.08, 1445.07),
        Vector3.new(-2308.92, 314.08, 1447.74),
        Vector3.new(-2341.69, 324.72, 1447.45),
        Vector3.new(-2410.02, 322.78, 1442.40),
        Vector3.new(-2478.86, 322.78, 1439.20),
        Vector3.new(-2526.59, 322.78, 1439.71),
        Vector3.new(-2594.63, 294.28, 1437.92),
        Vector3.new(-2679.05, 294.28, 1437.60),
        Vector3.new(-2695.12, 294.28, 1437.04),
        Vector3.new(-2710.53, 294.28, 1450.04),
        Vector3.new(-2719.28, 294.28, 1466.04),
        Vector3.new(-2729.80, 294.28, 1466.33),
        Vector3.new(-2742.16, 294.28, 1465.90),
        Vector3.new(-2763.13, 299.65, 1466.36),
        Vector3.new(-2785.32, 307.62, 1466.59),
        Vector3.new(-2872.17, 283.34, 1465.92),
        Vector3.new(-2890.51, 283.34, 1466.86),
        Vector3.new(-2932.71, 295.11, 1465.38),
        Vector3.new(-2938.68, 296.51, 1465.17),
        Vector3.new(-2969.97, 296.51, 1467.68),
        Vector3.new(-2995.04, 296.51, 1467.86),
        Vector3.new(-2996.64, 296.51, 1466.96),
        Vector3.new(-2997.52, 296.53, 1467.06),
        Vector3.new(-2998.59, 296.61, 1467.18),
        Vector3.new(-3006.42, 296.61, 1466.27),
        Vector3.new(-3003.47, 296.61, 1309.40),
        Vector3.new(-3885.94, 296.61, 1306.74),
        Vector3.new(-3884.45, 296.61, 1465.49),
        Vector3.new(-3936.81, 296.51, 1467.16),
        Vector3.new(-3966.68, 296.51, 1467.56),
        Vector3.new(-3980.07, 296.51, 1467.67),
        Vector3.new(-4100.08, 296.51, 1465.34),
        Vector3.new(-4187.59, 296.51, 1466.44),
        Vector3.new(-4301.47, 296.51, 1466.62),
        Vector3.new(-4301.56, 311.38, 1466.62),
        Vector3.new(-4301.56, 328.88, 1466.62),
        Vector3.new(-4301.56, 342.88, 1466.62),
        Vector3.new(-4304.00, 343.51, 1466.51),
        Vector3.new(-4319.03, 343.54, 1465.85),
        Vector3.new(-4316.09, 344.44, 1336.35),
        Vector3.new(-4316.13, 350.85, 1314.70),
        Vector3.new(-4315.89, 351.32, 1301.66),
        Vector3.new(-4306.66, 351.32, 1301.83),
        Vector3.new(-4306.66, 366.19, 1301.83),
        Vector3.new(-4305.60, 367.88, 1301.84),
        Vector3.new(-4301.92, 369.32, 1301.55),
        Vector3.new(-4287.68, 369.32, 1300.32),
        Vector3.new(-4060.09, 369.52, 1301.44),
        Vector3.new(-4043.82, 369.52, 1300.52),
        Vector3.new(-4024.29, 374.23, 1300.84),
        Vector3.new(-4023.97, 391.51, 1300.86),
        Vector3.new(-4012.01, 391.90, 1301.59),
        Vector3.new(-4007.96, 391.90, 1587.26),
        Vector3.new(-4006.98, 391.90, 1608.24),
        Vector3.new(-4015.60, 391.90, 1608.88),
        Vector3.new(-4126.26, 393.01, 1611.75),
        Vector3.new(-4149.41, 399.85, 1610.74),
        Vector3.new(-4173.49, 400.39, 1609.69),
        Vector3.new(-4305.37, 394.22, 1611.41),
        Vector3.new(-4326.13, 400.07, 1610.91),
        Vector3.new(-4353.40, 400.19, 1612.32),
        Vector3.new(-4354.10, 400.28, 1597.44),
        Vector3.new(-4354.10, 407.61, 1570.40),
        Vector3.new(-4351.21, 408.43, 1456.11),
        Vector3.new(-4350.92, 416.93, 1440.83),
        Vector3.new(-4351.61, 423.15, 1429.65),
        Vector3.new(-4352.23, 428.79, 1419.52),
        Vector3.new(-4352.76, 433.69, 1410.71),
        Vector3.new(-4353.19, 434.55, 1403.65),
        Vector3.new(-4353.91, 434.63, 1391.93),
        Vector3.new(-4335.22, 434.63, 1392.40),
        Vector3.new(-4250.09, 432.58, 1391.64),
        Vector3.new(-4214.26, 443.18, 1391.01),
        Vector3.new(-4129.78, 443.00, 1395.96),
        Vector3.new(-4121.07, 443.62, 1390.23),
        Vector3.new(-4102.16, 450.26, 1403.02),
        Vector3.new(-4048.25, 449.56, 1470.07),
        Vector3.new(-4051.44, 457.26, 1496.08),
        Vector3.new(-4088.04, 449.38, 1565.24),
        Vector3.new(-4105.09, 455.72, 1586.69),
        Vector3.new(-4168.16, 450.76, 1556.59),
        Vector3.new(-4191.38, 453.77, 1546.45),
        Vector3.new(-4257.43, 457.10, 1539.19),
        Vector3.new(-4268.56, 460.39, 1530.84),
        Vector3.new(-4315.68, 474.34, 1530.56),
        Vector3.new(-4365.24, 471.02, 1531.46),
        Vector3.new(-4365.24, 470.01, 1515.17),
    },

    ["10k"] = {
        Vector3.new(1.70, 10.41, 2.96),
        Vector3.new(2.88, 8.86, 280.07),
        Vector3.new(3.17, 8.86, 296.69),
        Vector3.new(3.34, 8.86, 306.37),
        Vector3.new(-67.23, 8.86, 310.07),
        Vector3.new(-66.09, 8.86, 471.11),
        Vector3.new(-1.57, 8.86, 475.49),
        Vector3.new(-1.30, 8.86, 490.75),
        Vector3.new(-1.10, 8.86, 502.64),
        Vector3.new(-1.20, 8.86, 523.66),
        Vector3.new(-15.66, 8.86, 523.66),
        Vector3.new(-16.59, 8.86, 548.32),
        Vector3.new(-21.26, 8.86, 558.45),
        Vector3.new(-24.78, 28.50, 616.77),
        Vector3.new(-24.78, 33.00, 629.12),
        Vector3.new(-23.30, 77.15, 751.22),
        Vector3.new(-21.77, 77.15, 752.62),
        Vector3.new(-15.56, 77.15, 759.38),
        Vector3.new(0.39, 77.15, 761.05),
        Vector3.new(-2.28, 77.15, 775.66),
        Vector3.new(1.73, 77.15, 802.91),
        Vector3.new(1.73, 77.15, 937.04),
        Vector3.new(102.71, 77.15, 937.93),
        Vector3.new(102.14, 77.15, 1002.18),
        Vector3.new(3.66, 77.15, 1002.88),
        Vector3.new(0.40, 77.15, 1104.14),
        Vector3.new(1.54, 77.15, 1124.53),
        Vector3.new(1.86, 77.15, 1142.88),
        Vector3.new(0.45, 77.15, 1369.78),
        Vector3.new(1.14, 77.15, 1409.32),
        Vector3.new(1.54, 77.15, 1424.81),
        Vector3.new(1.96, 105.04, 1418.65),
        Vector3.new(1.35, 105.14, 1461.15),
        Vector3.new(-505.89, 114.10, 1465.72),
        Vector3.new(-504.07, 54.51, 1465.47),
        Vector3.new(-538.75, 54.51, 1467.89),
        Vector3.new(-574.24, 54.51, 1466.34),
        Vector3.new(-969.26, 54.51, 1466.43),
        Vector3.new(-1007.74, 54.51, 1467.11),
        Vector3.new(-1049.42, 54.51, 1466.69),
        Vector3.new(-1086.67, 54.51, 1466.36),
        Vector3.new(-1087.84, 138.50, 1466.35),
        Vector3.new(-1087.84, 200.63, 1466.35),
        Vector3.new(-1087.84, 242.63, 1466.35),
        Vector3.new(-1087.84, 291.63, 1466.35),
        Vector3.new(-1089.13, 296.51, 1467.03),
        Vector3.new(-1122.73, 296.51, 1467.03),
        Vector3.new(-1220.31, 297.33, 1468.34),
        Vector3.new(-1244.56, 303.83, 1468.55),
        Vector3.new(-1349.70, 282.48, 1465.89),
        Vector3.new(-1374.29, 286.56, 1464.95),
        Vector3.new(-1381.74, 294.00, 1464.36),
        Vector3.new(-1387.16, 299.43, 1464.37),
        Vector3.new(-1394.27, 306.55, 1463.81),
        Vector3.new(-1400.41, 312.69, 1463.33),
        Vector3.new(-1406.91, 319.19, 1462.73),
        Vector3.new(-1413.56, 325.84, 1462.13),
        Vector3.new(-1419.07, 331.35, 1461.70),
        Vector3.new(-1423.31, 335.59, 1461.37),
        Vector3.new(-1425.69, 336.88, 1461.18),
        Vector3.new(-1505.22, 336.88, 1461.18),
        Vector3.new(-1571.35, 321.28, 1461.18),
        Vector3.new(-1614.76, 321.28, 1461.18),
        Vector3.new(-1741.72, 290.88, 1454.40),
        Vector3.new(-1772.30, 290.88, 1452.77),
        Vector3.new(-1790.66, 294.23, 1453.48),
        Vector3.new(-1802.31, 297.35, 1452.23),
        Vector3.new(-1821.53, 302.50, 1451.04),
        Vector3.new(-1834.90, 306.94, 1452.21),
        Vector3.new(-1857.86, 315.85, 1454.22),
        Vector3.new(-1934.03, 307.46, 1451.18),
        Vector3.new(-2041.96, 307.46, 1448.72),
        Vector3.new(-2124.58, 306.74, 1447.67),
        Vector3.new(-2179.39, 325.73, 1448.15),
        Vector3.new(-2243.66, 314.08, 1445.07),
        Vector3.new(-2308.92, 314.08, 1447.74),
        Vector3.new(-2341.69, 324.72, 1447.45),
        Vector3.new(-2410.02, 322.78, 1442.40),
        Vector3.new(-2478.86, 322.78, 1439.20),
        Vector3.new(-2526.59, 322.78, 1439.71),
        Vector3.new(-2594.63, 294.28, 1437.92),
        Vector3.new(-2679.05, 294.28, 1437.60),
        Vector3.new(-2695.12, 294.28, 1437.04),
        Vector3.new(-2710.53, 294.28, 1450.04),
        Vector3.new(-2719.28, 294.28, 1466.04),
        Vector3.new(-2729.80, 294.28, 1466.33),
        Vector3.new(-2742.16, 294.28, 1465.90),
        Vector3.new(-2763.13, 299.65, 1466.36),
        Vector3.new(-2785.32, 307.62, 1466.59),
        Vector3.new(-2872.17, 283.34, 1465.92),
        Vector3.new(-2890.51, 283.34, 1466.86),
        Vector3.new(-2932.71, 295.11, 1465.38),
        Vector3.new(-2938.68, 296.51, 1465.17),
        Vector3.new(-2969.97, 296.51, 1467.68),
        Vector3.new(-2995.04, 296.51, 1467.86),
        Vector3.new(-2996.64, 296.51, 1466.96),
        Vector3.new(-2997.52, 296.53, 1467.06),
        Vector3.new(-2998.59, 296.61, 1467.18),
        Vector3.new(-3006.42, 296.61, 1466.27),
        Vector3.new(-3003.47, 296.61, 1309.40),
        Vector3.new(-3885.94, 296.61, 1306.74),
        Vector3.new(-3884.45, 296.61, 1465.49),
        Vector3.new(-3936.81, 296.51, 1467.16),
        Vector3.new(-3966.68, 296.51, 1467.56),
        Vector3.new(-3980.07, 296.51, 1467.67),
        Vector3.new(-4100.08, 296.51, 1465.34),
        Vector3.new(-4187.59, 296.51, 1466.44),
        Vector3.new(-4301.47, 296.51, 1466.62),
        Vector3.new(-4301.56, 311.38, 1466.62),
        Vector3.new(-4301.56, 328.88, 1466.62),
        Vector3.new(-4301.56, 342.88, 1466.62),
        Vector3.new(-4304.00, 343.51, 1466.51),
        Vector3.new(-4319.03, 343.54, 1465.85),
        Vector3.new(-4316.09, 344.44, 1336.35),
        Vector3.new(-4316.13, 350.85, 1314.70),
        Vector3.new(-4315.89, 351.32, 1301.66),
        Vector3.new(-4306.66, 351.32, 1301.83),
        Vector3.new(-4306.66, 366.19, 1301.83),
        Vector3.new(-4305.60, 367.88, 1301.84),
        Vector3.new(-4301.92, 369.32, 1301.55),
        Vector3.new(-4287.68, 369.32, 1300.32),
        Vector3.new(-4060.09, 369.52, 1301.44),
        Vector3.new(-4043.82, 369.52, 1300.52),
        Vector3.new(-4024.29, 374.23, 1300.84),
        Vector3.new(-4023.97, 391.51, 1300.86),
        Vector3.new(-4012.01, 391.90, 1301.59),
        Vector3.new(-4007.96, 391.90, 1587.26),
        Vector3.new(-4006.98, 391.90, 1608.24),
        Vector3.new(-4015.60, 391.90, 1608.88),
        Vector3.new(-4126.26, 393.01, 1611.75),
        Vector3.new(-4149.41, 399.85, 1610.74),
        Vector3.new(-4173.49, 400.39, 1609.69),
        Vector3.new(-4305.37, 394.22, 1611.41),
        Vector3.new(-4326.13, 400.07, 1610.91),
        Vector3.new(-4353.40, 400.19, 1612.32),
        Vector3.new(-4354.10, 400.28, 1597.44),
        Vector3.new(-4354.10, 407.61, 1570.40),
        Vector3.new(-4351.21, 408.43, 1456.11),
        Vector3.new(-4350.92, 416.93, 1440.83),
        Vector3.new(-4351.61, 423.15, 1429.65),
        Vector3.new(-4352.23, 428.79, 1419.52),
        Vector3.new(-4352.76, 433.69, 1410.71),
        Vector3.new(-4353.19, 434.55, 1403.65),
        Vector3.new(-4353.91, 434.63, 1391.93),
        Vector3.new(-4335.22, 434.63, 1392.40),
        Vector3.new(-4250.09, 432.58, 1391.64),
        Vector3.new(-4214.26, 443.18, 1391.01),
        Vector3.new(-4129.78, 443.00, 1395.96),
        Vector3.new(-4121.07, 443.62, 1390.23),
        Vector3.new(-4102.16, 450.26, 1403.02),
        Vector3.new(-4048.25, 449.56, 1470.07),
        Vector3.new(-4051.44, 457.26, 1496.08),
        Vector3.new(-4088.04, 449.38, 1565.24),
        Vector3.new(-4105.09, 455.72, 1586.69),
        Vector3.new(-4168.16, 450.76, 1556.59),
        Vector3.new(-4191.38, 453.77, 1546.45),
        Vector3.new(-4257.43, 457.10, 1539.19),
        Vector3.new(-4268.56, 460.39, 1530.84),
        Vector3.new(-4315.68, 474.34, 1530.56),
        Vector3.new(-4365.24, 471.02, 1531.46),
        Vector3.new(-4580.76, 470.84, 1528.57),
        Vector3.new(-4585.66, 470.84, 1338.19),
        Vector3.new(-4527.58, 470.84, 1343.78),
        Vector3.new(-4528.02, 470.84, 1451.86),
        Vector3.new(-4461.27, 470.84, 1451.38),
        Vector3.new(-4496.66, 470.84, 1119.43),
        Vector3.new(-4744.45, 470.83, 1123.66),
        Vector3.new(-4730.46, 470.84, 1385.91),
        Vector3.new(-4927.17, 470.83, 1392.68),
        Vector3.new(-4914.22, 470.84, 1589.95),
        Vector3.new(-5047.06, 470.67, 1623.92),
        Vector3.new(-5061.93, 470.83, 1133.82),
        Vector3.new(-5232.52, 470.84, 1150.49),
        Vector3.new(-5222.31, 470.83, 1276.19),
        Vector3.new(-5156.11, 470.83, 1270.98),
        Vector3.new(-5147.98, 470.84, 1445.57),
        Vector3.new(-5268.37, 470.84, 1476.33),
        Vector3.new(-5342.45, 470.62, 1476.22),
        Vector3.new(-5344.35, 469.61, 1460.59),
    },

    ["25k"] = {
        Vector3.new(1.70, 10.41, 2.96),
        Vector3.new(2.88, 8.86, 280.07),
        Vector3.new(3.17, 8.86, 296.69),
        Vector3.new(3.34, 8.86, 306.37),
        Vector3.new(-67.23, 8.86, 310.07),
        Vector3.new(-66.09, 8.86, 471.11),
        Vector3.new(-1.57, 8.86, 475.49),
        Vector3.new(-1.30, 8.86, 490.75),
        Vector3.new(-1.10, 8.86, 502.64),
        Vector3.new(-1.20, 8.86, 523.66),
        Vector3.new(-15.66, 8.86, 523.66),
        Vector3.new(-16.59, 8.86, 548.32),
        Vector3.new(-21.26, 8.86, 558.45),
        Vector3.new(-24.78, 28.50, 616.77),
        Vector3.new(-24.78, 33.00, 629.12),
        Vector3.new(-23.30, 77.15, 751.22),
        Vector3.new(-21.77, 77.15, 752.62),
        Vector3.new(-15.56, 77.15, 759.38),
        Vector3.new(0.39, 77.15, 761.05),
        Vector3.new(-2.28, 77.15, 775.66),
        Vector3.new(1.73, 77.15, 802.91),
        Vector3.new(1.73, 77.15, 937.04),
        Vector3.new(102.71, 77.15, 937.93),
        Vector3.new(102.14, 77.15, 1002.18),
        Vector3.new(3.66, 77.15, 1002.88),
        Vector3.new(0.40, 77.15, 1104.14),
        Vector3.new(1.54, 77.15, 1124.53),
        Vector3.new(1.86, 77.15, 1142.88),
        Vector3.new(0.45, 77.15, 1369.78),
        Vector3.new(1.14, 77.15, 1409.32),
        Vector3.new(1.54, 77.15, 1424.81),
        Vector3.new(1.96, 105.04, 1418.65),
        Vector3.new(1.35, 105.14, 1461.15),
        Vector3.new(-505.89, 114.10, 1465.72),
        Vector3.new(-504.07, 54.51, 1465.47),
        Vector3.new(-538.75, 54.51, 1467.89),
        Vector3.new(-574.24, 54.51, 1466.34),
        Vector3.new(-969.26, 54.51, 1466.43),
        Vector3.new(-1007.74, 54.51, 1467.11),
        Vector3.new(-1049.42, 54.51, 1466.69),
        Vector3.new(-1086.67, 54.51, 1466.36),
        Vector3.new(-1087.84, 138.50, 1466.35),
        Vector3.new(-1087.84, 200.63, 1466.35),
        Vector3.new(-1087.84, 242.63, 1466.35),
        Vector3.new(-1087.84, 291.63, 1466.35),
        Vector3.new(-1089.13, 296.51, 1467.03),
        Vector3.new(-1122.73, 296.51, 1467.03),
        Vector3.new(-1220.31, 297.33, 1468.34),
        Vector3.new(-1244.56, 303.83, 1468.55),
        Vector3.new(-1349.70, 282.48, 1465.89),
        Vector3.new(-1374.29, 286.56, 1464.95),
        Vector3.new(-1381.74, 294.00, 1464.36),
        Vector3.new(-1387.16, 299.43, 1464.37),
        Vector3.new(-1394.27, 306.55, 1463.81),
        Vector3.new(-1400.41, 312.69, 1463.33),
        Vector3.new(-1406.91, 319.19, 1462.73),
        Vector3.new(-1413.56, 325.84, 1462.13),
        Vector3.new(-1419.07, 331.35, 1461.70),
        Vector3.new(-1423.31, 335.59, 1461.37),
        Vector3.new(-1425.69, 336.88, 1461.18),
        Vector3.new(-1505.22, 336.88, 1461.18),
        Vector3.new(-1571.35, 321.28, 1461.18),
        Vector3.new(-1614.76, 321.28, 1461.18),
        Vector3.new(-1741.72, 290.88, 1454.40),
        Vector3.new(-1772.30, 290.88, 1452.77),
        Vector3.new(-1790.66, 294.23, 1453.48),
        Vector3.new(-1802.31, 297.35, 1452.23),
        Vector3.new(-1821.53, 302.50, 1451.04),
        Vector3.new(-1834.90, 306.94, 1452.21),
        Vector3.new(-1857.86, 315.85, 1454.22),
        Vector3.new(-1934.03, 307.46, 1451.18),
        Vector3.new(-2041.96, 307.46, 1448.72),
        Vector3.new(-2124.58, 306.74, 1447.67),
        Vector3.new(-2179.39, 325.73, 1448.15),
        Vector3.new(-2243.66, 314.08, 1445.07),
        Vector3.new(-2308.92, 314.08, 1447.74),
        Vector3.new(-2341.69, 324.72, 1447.45),
        Vector3.new(-2410.02, 322.78, 1442.40),
        Vector3.new(-2478.86, 322.78, 1439.20),
        Vector3.new(-2526.59, 322.78, 1439.71),
        Vector3.new(-2594.63, 294.28, 1437.92),
        Vector3.new(-2679.05, 294.28, 1437.60),
        Vector3.new(-2695.12, 294.28, 1437.04),
        Vector3.new(-2710.53, 294.28, 1450.04),
        Vector3.new(-2719.28, 294.28, 1466.04),
        Vector3.new(-2729.80, 294.28, 1466.33),
        Vector3.new(-2742.16, 294.28, 1465.90),
        Vector3.new(-2763.13, 299.65, 1466.36),
        Vector3.new(-2785.32, 307.62, 1466.59),
        Vector3.new(-2872.17, 283.34, 1465.92),
        Vector3.new(-2890.51, 283.34, 1466.86),
        Vector3.new(-2932.71, 295.11, 1465.38),
        Vector3.new(-2938.68, 296.51, 1465.17),
        Vector3.new(-2969.97, 296.51, 1467.68),
        Vector3.new(-2995.04, 296.51, 1467.86),
        Vector3.new(-2996.64, 296.51, 1466.96),
        Vector3.new(-2997.52, 296.53, 1467.06),
        Vector3.new(-2998.59, 296.61, 1467.18),
        Vector3.new(-3006.42, 296.61, 1466.27),
        Vector3.new(-3003.47, 296.61, 1309.40),
        Vector3.new(-3885.94, 296.61, 1306.74),
        Vector3.new(-3884.45, 296.61, 1465.49),
        Vector3.new(-3936.81, 296.51, 1467.16),
        Vector3.new(-3966.68, 296.51, 1467.56),
        Vector3.new(-3980.07, 296.51, 1467.67),
        Vector3.new(-4100.08, 296.51, 1465.34),
        Vector3.new(-4187.59, 296.51, 1466.44),
        Vector3.new(-4301.47, 296.51, 1466.62),
        Vector3.new(-4301.56, 311.38, 1466.62),
        Vector3.new(-4301.56, 328.88, 1466.62),
        Vector3.new(-4301.56, 342.88, 1466.62),
        Vector3.new(-4304.00, 343.51, 1466.51),
        Vector3.new(-4319.03, 343.54, 1465.85),
        Vector3.new(-4316.09, 344.44, 1336.35),
        Vector3.new(-4316.13, 350.85, 1314.70),
        Vector3.new(-4315.89, 351.32, 1301.66),
        Vector3.new(-4306.66, 351.32, 1301.83),
        Vector3.new(-4306.66, 366.19, 1301.83),
        Vector3.new(-4305.60, 367.88, 1301.84),
        Vector3.new(-4301.92, 369.32, 1301.55),
        Vector3.new(-4287.68, 369.32, 1300.32),
        Vector3.new(-4060.09, 369.52, 1301.44),
        Vector3.new(-4043.82, 369.52, 1300.52),
        Vector3.new(-4024.29, 374.23, 1300.84),
        Vector3.new(-4023.97, 391.51, 1300.86),
        Vector3.new(-4012.01, 391.90, 1301.59),
        Vector3.new(-4007.96, 391.90, 1587.26),
        Vector3.new(-4006.98, 391.90, 1608.24),
        Vector3.new(-4015.60, 391.90, 1608.88),
        Vector3.new(-4126.26, 393.01, 1611.75),
        Vector3.new(-4149.41, 399.85, 1610.74),
        Vector3.new(-4173.49, 400.39, 1609.69),
        Vector3.new(-4305.37, 394.22, 1611.41),
        Vector3.new(-4326.13, 400.07, 1610.91),
        Vector3.new(-4353.40, 400.19, 1612.32),
        Vector3.new(-4354.10, 400.28, 1597.44),
        Vector3.new(-4354.10, 407.61, 1570.40),
        Vector3.new(-4351.21, 408.43, 1456.11),
        Vector3.new(-4350.92, 416.93, 1440.83),
        Vector3.new(-4351.61, 423.15, 1429.65),
        Vector3.new(-4352.23, 428.79, 1419.52),
        Vector3.new(-4352.76, 433.69, 1410.71),
        Vector3.new(-4353.19, 434.55, 1403.65),
        Vector3.new(-4353.91, 434.63, 1391.93),
        Vector3.new(-4335.22, 434.63, 1392.40),
        Vector3.new(-4250.09, 432.58, 1391.64),
        Vector3.new(-4214.26, 443.18, 1391.01),
        Vector3.new(-4129.78, 443.00, 1395.96),
        Vector3.new(-4121.07, 443.62, 1390.23),
        Vector3.new(-4102.16, 450.26, 1403.02),
        Vector3.new(-4048.25, 449.56, 1470.07),
        Vector3.new(-4051.44, 457.26, 1496.08),
        Vector3.new(-4088.04, 449.38, 1565.24),
        Vector3.new(-4105.09, 455.72, 1586.69),
        Vector3.new(-4168.16, 450.76, 1556.59),
        Vector3.new(-4191.38, 453.77, 1546.45),
        Vector3.new(-4257.43, 457.10, 1539.19),
        Vector3.new(-4268.56, 460.39, 1530.84),
        Vector3.new(-4315.68, 474.34, 1530.56),
        Vector3.new(-4365.24, 471.02, 1531.46),
        Vector3.new(-4580.76, 470.84, 1528.57),
        Vector3.new(-4585.66, 470.84, 1338.19),
        Vector3.new(-4527.58, 470.84, 1343.78),
        Vector3.new(-4528.02, 470.84, 1451.86),
        Vector3.new(-4461.27, 470.84, 1451.38),
        Vector3.new(-4496.66, 470.84, 1119.43),
        Vector3.new(-4744.45, 470.83, 1123.66),
        Vector3.new(-4730.46, 470.84, 1385.91),
        Vector3.new(-4927.17, 470.83, 1392.68),
        Vector3.new(-4914.22, 470.84, 1589.95),
        Vector3.new(-5047.06, 470.67, 1623.92),
        Vector3.new(-5061.93, 470.83, 1133.82),
        Vector3.new(-5232.52, 470.84, 1150.49),
        Vector3.new(-5222.31, 470.83, 1276.19),
        Vector3.new(-5156.11, 470.83, 1270.98),
        Vector3.new(-5147.98, 470.84, 1445.57),
        Vector3.new(-5268.37, 470.84, 1476.33),
        Vector3.new(-5342.45, 470.62, 1476.22),
        Vector3.new(-5374.53, 473.24, 1475.94),
        Vector3.new(-5387.70, 479.77, 1477.33),
        Vector3.new(-5403.93, 476.75, 1480.58),
        Vector3.new(-5639.45, 480.45, 1330.85),
        Vector3.new(-5652.70, 488.00, 1338.91),
        Vector3.new(-5680.25, 481.35, 1360.36),
        Vector3.new(-5866.03, 479.75, 1565.31),
        Vector3.new(-5884.40, 488.02, 1566.74),
        Vector3.new(-5918.89, 482.38, 1555.76),
        Vector3.new(-6174.79, 481.43, 1411.52),
        Vector3.new(-6190.20, 489.42, 1432.79),
        Vector3.new(-6216.08, 480.72, 1453.09),
        Vector3.new(-6454.81, 479.80, 1388.33),
        Vector3.new(-6480.55, 489.05, 1381.91),
        Vector3.new(-6510.44, 482.68, 1374.46),
        Vector3.new(-6733.87, 509.68, 1453.71),
        Vector3.new(-6761.74, 513.19, 1479.56),
        Vector3.new(-6778.98, 521.62, 1485.11),
        Vector3.new(-6806.74, 521.62, 1487.17),
        Vector3.new(-6809.99, 520.61, 1472.54),
    },

    ["50k"] = {
        Vector3.new(1.70, 10.41, 2.96),
        Vector3.new(2.88, 8.86, 280.07),
        Vector3.new(3.17, 8.86, 296.69),
        Vector3.new(3.34, 8.86, 306.37),
        Vector3.new(-67.23, 8.86, 310.07),
        Vector3.new(-66.09, 8.86, 471.11),
        Vector3.new(-1.57, 8.86, 475.49),
        Vector3.new(-1.30, 8.86, 490.75),
        Vector3.new(-1.10, 8.86, 502.64),
        Vector3.new(-1.20, 8.86, 523.66),
        Vector3.new(-15.66, 8.86, 523.66),
        Vector3.new(-16.59, 8.86, 548.32),
        Vector3.new(-21.26, 8.86, 558.45),
        Vector3.new(-24.78, 28.50, 616.77),
        Vector3.new(-24.78, 33.00, 629.12),
        Vector3.new(-23.30, 77.15, 751.22),
        Vector3.new(-21.77, 77.15, 752.62),
        Vector3.new(-15.56, 77.15, 759.38),
        Vector3.new(0.39, 77.15, 761.05),
        Vector3.new(-2.28, 77.15, 775.66),
        Vector3.new(1.73, 77.15, 802.91),
        Vector3.new(1.73, 77.15, 937.04),
        Vector3.new(102.71, 77.15, 937.93),
        Vector3.new(102.14, 77.15, 1002.18),
        Vector3.new(3.66, 77.15, 1002.88),
        Vector3.new(0.40, 77.15, 1104.14),
        Vector3.new(1.54, 77.15, 1124.53),
        Vector3.new(1.86, 77.15, 1142.88),
        Vector3.new(0.45, 77.15, 1369.78),
        Vector3.new(1.14, 77.15, 1409.32),
        Vector3.new(1.54, 77.15, 1424.81),
        Vector3.new(1.96, 105.04, 1418.65),
        Vector3.new(1.35, 105.14, 1461.15),
        Vector3.new(-505.89, 114.10, 1465.72),
        Vector3.new(-504.07, 54.51, 1465.47),
        Vector3.new(-538.75, 54.51, 1467.89),
        Vector3.new(-574.24, 54.51, 1466.34),
        Vector3.new(-969.26, 54.51, 1466.43),
        Vector3.new(-1007.74, 54.51, 1467.11),
        Vector3.new(-1049.42, 54.51, 1466.69),
        Vector3.new(-1086.67, 54.51, 1466.36),
        Vector3.new(-1087.84, 138.50, 1466.35),
        Vector3.new(-1087.84, 200.63, 1466.35),
        Vector3.new(-1087.84, 242.63, 1466.35),
        Vector3.new(-1087.84, 291.63, 1466.35),
        Vector3.new(-1089.13, 296.51, 1467.03),
        Vector3.new(-1122.73, 296.51, 1467.03),
        Vector3.new(-1220.31, 297.33, 1468.34),
        Vector3.new(-1244.56, 303.83, 1468.55),
        Vector3.new(-1349.70, 282.48, 1465.89),
        Vector3.new(-1374.29, 286.56, 1464.95),
        Vector3.new(-1381.74, 294.00, 1464.36),
        Vector3.new(-1387.16, 299.43, 1464.37),
        Vector3.new(-1394.27, 306.55, 1463.81),
        Vector3.new(-1400.41, 312.69, 1463.33),
        Vector3.new(-1406.91, 319.19, 1462.73),
        Vector3.new(-1413.56, 325.84, 1462.13),
        Vector3.new(-1419.07, 331.35, 1461.70),
        Vector3.new(-1423.31, 335.59, 1461.37),
        Vector3.new(-1425.69, 336.88, 1461.18),
        Vector3.new(-1505.22, 336.88, 1461.18),
        Vector3.new(-1571.35, 321.28, 1461.18),
        Vector3.new(-1614.76, 321.28, 1461.18),
        Vector3.new(-1741.72, 290.88, 1454.40),
        Vector3.new(-1772.30, 290.88, 1452.77),
        Vector3.new(-1790.66, 294.23, 1453.48),
        Vector3.new(-1802.31, 297.35, 1452.23),
        Vector3.new(-1821.53, 302.50, 1451.04),
        Vector3.new(-1834.90, 306.94, 1452.21),
        Vector3.new(-1857.86, 315.85, 1454.22),
        Vector3.new(-1934.03, 307.46, 1451.18),
        Vector3.new(-2041.96, 307.46, 1448.72),
        Vector3.new(-2124.58, 306.74, 1447.67),
        Vector3.new(-2179.39, 325.73, 1448.15),
        Vector3.new(-2243.66, 314.08, 1445.07),
        Vector3.new(-2308.92, 314.08, 1447.74),
        Vector3.new(-2341.69, 324.72, 1447.45),
        Vector3.new(-2410.02, 322.78, 1442.40),
        Vector3.new(-2478.86, 322.78, 1439.20),
        Vector3.new(-2526.59, 322.78, 1439.71),
        Vector3.new(-2594.63, 294.28, 1437.92),
        Vector3.new(-2679.05, 294.28, 1437.60),
        Vector3.new(-2695.12, 294.28, 1437.04),
        Vector3.new(-2710.53, 294.28, 1450.04),
        Vector3.new(-2719.28, 294.28, 1466.04),
        Vector3.new(-2729.80, 294.28, 1466.33),
        Vector3.new(-2742.16, 294.28, 1465.90),
        Vector3.new(-2763.13, 299.65, 1466.36),
        Vector3.new(-2785.32, 307.62, 1466.59),
        Vector3.new(-2872.17, 283.34, 1465.92),
        Vector3.new(-2890.51, 283.34, 1466.86),
        Vector3.new(-2932.71, 295.11, 1465.38),
        Vector3.new(-2938.68, 296.51, 1465.17),
        Vector3.new(-2969.97, 296.51, 1467.68),
        Vector3.new(-2995.04, 296.51, 1467.86),
        Vector3.new(-2996.64, 296.51, 1466.96),
        Vector3.new(-2997.52, 296.53, 1467.06),
        Vector3.new(-2998.59, 296.61, 1467.18),
        Vector3.new(-3006.42, 296.61, 1466.27),
        Vector3.new(-3003.47, 296.61, 1309.40),
        Vector3.new(-3885.94, 296.61, 1306.74),
        Vector3.new(-3884.45, 296.61, 1465.49),
        Vector3.new(-3936.81, 296.51, 1467.16),
        Vector3.new(-3966.68, 296.51, 1467.56),
        Vector3.new(-3980.07, 296.51, 1467.67),
        Vector3.new(-4100.08, 296.51, 1465.34),
        Vector3.new(-4187.59, 296.51, 1466.44),
        Vector3.new(-4301.47, 296.51, 1466.62),
        Vector3.new(-4301.56, 311.38, 1466.62),
        Vector3.new(-4301.56, 328.88, 1466.62),
        Vector3.new(-4301.56, 342.88, 1466.62),
        Vector3.new(-4304.00, 343.51, 1466.51),
        Vector3.new(-4319.03, 343.54, 1465.85),
        Vector3.new(-4316.09, 344.44, 1336.35),
        Vector3.new(-4316.13, 350.85, 1314.70),
        Vector3.new(-4315.89, 351.32, 1301.66),
        Vector3.new(-4306.66, 351.32, 1301.83),
        Vector3.new(-4306.66, 366.19, 1301.83),
        Vector3.new(-4305.60, 367.88, 1301.84),
        Vector3.new(-4301.92, 369.32, 1301.55),
        Vector3.new(-4287.68, 369.32, 1300.32),
        Vector3.new(-4060.09, 369.52, 1301.44),
        Vector3.new(-4043.82, 369.52, 1300.52),
        Vector3.new(-4024.29, 374.23, 1300.84),
        Vector3.new(-4023.97, 391.51, 1300.86),
        Vector3.new(-4012.01, 391.90, 1301.59),
        Vector3.new(-4007.96, 391.90, 1587.26),
        Vector3.new(-4006.98, 391.90, 1608.24),
        Vector3.new(-4015.60, 391.90, 1608.88),
        Vector3.new(-4126.26, 393.01, 1611.75),
        Vector3.new(-4149.41, 399.85, 1610.74),
        Vector3.new(-4173.49, 400.39, 1609.69),
        Vector3.new(-4305.37, 394.22, 1611.41),
        Vector3.new(-4326.13, 400.07, 1610.91),
        Vector3.new(-4353.40, 400.19, 1612.32),
        Vector3.new(-4354.10, 400.28, 1597.44),
        Vector3.new(-4354.10, 407.61, 1570.40),
        Vector3.new(-4351.21, 408.43, 1456.11),
        Vector3.new(-4350.92, 416.93, 1440.83),
        Vector3.new(-4351.61, 423.15, 1429.65),
        Vector3.new(-4352.23, 428.79, 1419.52),
        Vector3.new(-4352.76, 433.69, 1410.71),
        Vector3.new(-4353.19, 434.55, 1403.65),
        Vector3.new(-4353.91, 434.63, 1391.93),
        Vector3.new(-4335.22, 434.63, 1392.40),
        Vector3.new(-4250.09, 432.58, 1391.64),
        Vector3.new(-4214.26, 443.18, 1391.01),
        Vector3.new(-4129.78, 443.00, 1395.96),
        Vector3.new(-4121.07, 443.62, 1390.23),
        Vector3.new(-4102.16, 450.26, 1403.02),
        Vector3.new(-4048.25, 449.56, 1470.07),
        Vector3.new(-4051.44, 457.26, 1496.08),
        Vector3.new(-4088.04, 449.38, 1565.24),
        Vector3.new(-4105.09, 455.72, 1586.69),
        Vector3.new(-4168.16, 450.76, 1556.59),
        Vector3.new(-4191.38, 453.77, 1546.45),
        Vector3.new(-4257.43, 457.10, 1539.19),
        Vector3.new(-4268.56, 460.39, 1530.84),
        Vector3.new(-4315.68, 474.34, 1530.56),
        Vector3.new(-4365.24, 471.02, 1531.46),
        Vector3.new(-4580.76, 470.84, 1528.57),
        Vector3.new(-4585.66, 470.84, 1338.19),
        Vector3.new(-4527.58, 470.84, 1343.78),
        Vector3.new(-4528.02, 470.84, 1451.86),
        Vector3.new(-4461.27, 470.84, 1451.38),
        Vector3.new(-4496.66, 470.84, 1119.43),
        Vector3.new(-4744.45, 470.83, 1123.66),
        Vector3.new(-4730.46, 470.84, 1385.91),
        Vector3.new(-4927.17, 470.83, 1392.68),
        Vector3.new(-4914.22, 470.84, 1589.95),
        Vector3.new(-5047.06, 470.67, 1623.92),
        Vector3.new(-5061.93, 470.83, 1133.82),
        Vector3.new(-5232.52, 470.84, 1150.49),
        Vector3.new(-5222.31, 470.83, 1276.19),
        Vector3.new(-5156.11, 470.83, 1270.98),
        Vector3.new(-5147.98, 470.84, 1445.57),
        Vector3.new(-5268.37, 470.84, 1476.33),
        Vector3.new(-5342.45, 470.62, 1476.22),
        Vector3.new(-5374.53, 473.24, 1475.94),
        Vector3.new(-5387.70, 479.77, 1477.33),
        Vector3.new(-5403.93, 476.75, 1480.58),
        Vector3.new(-5639.45, 480.45, 1330.85),
        Vector3.new(-5652.70, 488.00, 1338.91),
        Vector3.new(-5680.25, 481.35, 1360.36),
        Vector3.new(-5866.03, 479.75, 1565.31),
        Vector3.new(-5884.40, 488.02, 1566.74),
        Vector3.new(-5918.89, 482.38, 1555.76),
        Vector3.new(-6174.79, 481.43, 1411.52),
        Vector3.new(-6190.20, 489.42, 1432.79),
        Vector3.new(-6216.08, 480.72, 1453.09),
        Vector3.new(-6454.81, 479.80, 1388.33),
        Vector3.new(-6480.55, 489.05, 1381.91),
        Vector3.new(-6510.44, 482.68, 1374.46),
        Vector3.new(-6733.87, 509.68, 1453.71),
        Vector3.new(-6761.74, 513.19, 1479.56),
        Vector3.new(-6778.98, 521.62, 1485.11),
        Vector3.new(-6806.74, 521.62, 1487.17),
        Vector3.new(-6850.05, 521.62, 1488.20),
        Vector3.new(-6850.06, 532.12, 1488.20),
        Vector3.new(-8316.38, 540.28, 1488.72),
        Vector3.new(-8306.38, 484.51, 1488.72),
        Vector3.new(-8315.52, 484.51, 1488.72),
        Vector3.new(-8320.76, 484.50, 1488.72),
        Vector3.new(-8322.96, 484.50, 1488.72),
        Vector3.new(-8322.96, 484.50, 1488.72),
        Vector3.new(-8323.52, 484.50, 1488.72),
        Vector3.new(-8334.51, 484.50, 1488.71),
        Vector3.new(-8351.10, 484.50, 1488.71),
        Vector3.new(-8351.92, 483.49, 1472.35),
    },

    ["150k"] = {
        Vector3.new(1.70, 10.41, 2.96),
        Vector3.new(2.88, 8.86, 280.07),
        Vector3.new(3.17, 8.86, 296.69),
        Vector3.new(3.34, 8.86, 306.37),
        Vector3.new(-67.23, 8.86, 310.07),
        Vector3.new(-66.09, 8.86, 471.11),
        Vector3.new(-1.57, 8.86, 475.49),
        Vector3.new(-1.30, 8.86, 490.75),
        Vector3.new(-1.10, 8.86, 502.64),
        Vector3.new(-1.20, 8.86, 523.66),
        Vector3.new(-15.66, 8.86, 523.66),
        Vector3.new(-16.59, 8.86, 548.32),
        Vector3.new(-21.26, 8.86, 558.45),
        Vector3.new(-24.78, 28.50, 616.77),
        Vector3.new(-24.78, 33.00, 629.12),
        Vector3.new(-23.30, 77.15, 751.22),
        Vector3.new(-21.77, 77.15, 752.62),
        Vector3.new(-15.56, 77.15, 759.38),
        Vector3.new(0.39, 77.15, 761.05),
        Vector3.new(-2.28, 77.15, 775.66),
        Vector3.new(1.73, 77.15, 802.91),
        Vector3.new(1.73, 77.15, 937.04),
        Vector3.new(102.71, 77.15, 937.93),
        Vector3.new(102.14, 77.15, 1002.18),
        Vector3.new(3.66, 77.15, 1002.88),
        Vector3.new(0.40, 77.15, 1104.14),
        Vector3.new(1.54, 77.15, 1124.53),
        Vector3.new(1.86, 77.15, 1142.88),
        Vector3.new(0.45, 77.15, 1369.78),
        Vector3.new(1.14, 77.15, 1409.32),
        Vector3.new(1.54, 77.15, 1424.81),
        Vector3.new(1.96, 105.04, 1418.65),
        Vector3.new(1.35, 105.14, 1461.15),
        Vector3.new(-505.89, 114.10, 1465.72),
        Vector3.new(-504.07, 54.51, 1465.47),
        Vector3.new(-538.75, 54.51, 1467.89),
        Vector3.new(-574.24, 54.51, 1466.34),
        Vector3.new(-969.26, 54.51, 1466.43),
        Vector3.new(-1007.74, 54.51, 1467.11),
        Vector3.new(-1049.42, 54.51, 1466.69),
        Vector3.new(-1086.67, 54.51, 1466.36),
        Vector3.new(-1087.84, 138.50, 1466.35),
        Vector3.new(-1087.84, 200.63, 1466.35),
        Vector3.new(-1087.84, 242.63, 1466.35),
        Vector3.new(-1087.84, 291.63, 1466.35),
        Vector3.new(-1089.13, 296.51, 1467.03),
        Vector3.new(-1122.73, 296.51, 1467.03),
        Vector3.new(-1220.31, 297.33, 1468.34),
        Vector3.new(-1244.56, 303.83, 1468.55),
        Vector3.new(-1349.70, 282.48, 1465.89),
        Vector3.new(-1374.29, 286.56, 1464.95),
        Vector3.new(-1381.74, 294.00, 1464.36),
        Vector3.new(-1387.16, 299.43, 1464.37),
        Vector3.new(-1394.27, 306.55, 1463.81),
        Vector3.new(-1400.41, 312.69, 1463.33),
        Vector3.new(-1406.91, 319.19, 1462.73),
        Vector3.new(-1413.56, 325.84, 1462.13),
        Vector3.new(-1419.07, 331.35, 1461.70),
        Vector3.new(-1423.31, 335.59, 1461.37),
        Vector3.new(-1425.69, 336.88, 1461.18),
        Vector3.new(-1505.22, 336.88, 1461.18),
        Vector3.new(-1571.35, 321.28, 1461.18),
        Vector3.new(-1614.76, 321.28, 1461.18),
        Vector3.new(-1741.72, 290.88, 1454.40),
        Vector3.new(-1772.30, 290.88, 1452.77),
        Vector3.new(-1790.66, 294.23, 1453.48),
        Vector3.new(-1802.31, 297.35, 1452.23),
        Vector3.new(-1821.53, 302.50, 1451.04),
        Vector3.new(-1834.90, 306.94, 1452.21),
        Vector3.new(-1857.86, 315.85, 1454.22),
        Vector3.new(-1934.03, 307.46, 1451.18),
        Vector3.new(-2041.96, 307.46, 1448.72),
        Vector3.new(-2124.58, 306.74, 1447.67),
        Vector3.new(-2179.39, 325.73, 1448.15),
        Vector3.new(-2243.66, 314.08, 1445.07),
        Vector3.new(-2308.92, 314.08, 1447.74),
        Vector3.new(-2341.69, 324.72, 1447.45),
        Vector3.new(-2410.02, 322.78, 1442.40),
        Vector3.new(-2478.86, 322.78, 1439.20),
        Vector3.new(-2526.59, 322.78, 1439.71),
        Vector3.new(-2594.63, 294.28, 1437.92),
        Vector3.new(-2679.05, 294.28, 1437.60),
        Vector3.new(-2695.12, 294.28, 1437.04),
        Vector3.new(-2710.53, 294.28, 1450.04),
        Vector3.new(-2719.28, 294.28, 1466.04),
        Vector3.new(-2729.80, 294.28, 1466.33),
        Vector3.new(-2742.16, 294.28, 1465.90),
        Vector3.new(-2763.13, 299.65, 1466.36),
        Vector3.new(-2785.32, 307.62, 1466.59),
        Vector3.new(-2872.17, 283.34, 1465.92),
        Vector3.new(-2890.51, 283.34, 1466.86),
        Vector3.new(-2932.71, 295.11, 1465.38),
        Vector3.new(-2938.68, 296.51, 1465.17),
        Vector3.new(-2969.97, 296.51, 1467.68),
        Vector3.new(-2995.04, 296.51, 1467.86),
        Vector3.new(-2996.64, 296.51, 1466.96),
        Vector3.new(-2997.52, 296.53, 1467.06),
        Vector3.new(-2998.59, 296.61, 1467.18),
        Vector3.new(-3006.42, 296.61, 1466.27),
        Vector3.new(-3003.47, 296.61, 1309.40),
        Vector3.new(-3885.94, 296.61, 1306.74),
        Vector3.new(-3884.45, 296.61, 1465.49),
        Vector3.new(-3936.81, 296.51, 1467.16),
        Vector3.new(-3966.68, 296.51, 1467.56),
        Vector3.new(-3980.07, 296.51, 1467.67),
        Vector3.new(-4100.08, 296.51, 1465.34),
        Vector3.new(-4187.59, 296.51, 1466.44),
        Vector3.new(-4301.47, 296.51, 1466.62),
        Vector3.new(-4301.56, 311.38, 1466.62),
        Vector3.new(-4301.56, 328.88, 1466.62),
        Vector3.new(-4301.56, 342.88, 1466.62),
        Vector3.new(-4304.00, 343.51, 1466.51),
        Vector3.new(-4319.03, 343.54, 1465.85),
        Vector3.new(-4316.09, 344.44, 1336.35),
        Vector3.new(-4316.13, 350.85, 1314.70),
        Vector3.new(-4315.89, 351.32, 1301.66),
        Vector3.new(-4306.66, 351.32, 1301.83),
        Vector3.new(-4306.66, 366.19, 1301.83),
        Vector3.new(-4305.60, 367.88, 1301.84),
        Vector3.new(-4301.92, 369.32, 1301.55),
        Vector3.new(-4287.68, 369.32, 1300.32),
        Vector3.new(-4060.09, 369.52, 1301.44),
        Vector3.new(-4043.82, 369.52, 1300.52),
        Vector3.new(-4024.29, 374.23, 1300.84),
        Vector3.new(-4023.97, 391.51, 1300.86),
        Vector3.new(-4012.01, 391.90, 1301.59),
        Vector3.new(-4007.96, 391.90, 1587.26),
        Vector3.new(-4006.98, 391.90, 1608.24),
        Vector3.new(-4015.60, 391.90, 1608.88),
        Vector3.new(-4126.26, 393.01, 1611.75),
        Vector3.new(-4149.41, 399.85, 1610.74),
        Vector3.new(-4173.49, 400.39, 1609.69),
        Vector3.new(-4305.37, 394.22, 1611.41),
        Vector3.new(-4326.13, 400.07, 1610.91),
        Vector3.new(-4353.40, 400.19, 1612.32),
        Vector3.new(-4354.10, 400.28, 1597.44),
        Vector3.new(-4354.10, 407.61, 1570.40),
        Vector3.new(-4351.21, 408.43, 1456.11),
        Vector3.new(-4350.92, 416.93, 1440.83),
        Vector3.new(-4351.61, 423.15, 1429.65),
        Vector3.new(-4352.23, 428.79, 1419.52),
        Vector3.new(-4352.76, 433.69, 1410.71),
        Vector3.new(-4353.19, 434.55, 1403.65),
        Vector3.new(-4353.91, 434.63, 1391.93),
        Vector3.new(-4335.22, 434.63, 1392.40),
        Vector3.new(-4250.09, 432.58, 1391.64),
        Vector3.new(-4214.26, 443.18, 1391.01),
        Vector3.new(-4129.78, 443.00, 1395.96),
        Vector3.new(-4121.07, 443.62, 1390.23),
        Vector3.new(-4102.16, 450.26, 1403.02),
        Vector3.new(-4048.25, 449.56, 1470.07),
        Vector3.new(-4051.44, 457.26, 1496.08),
        Vector3.new(-4088.04, 449.38, 1565.24),
        Vector3.new(-4105.09, 455.72, 1586.69),
        Vector3.new(-4168.16, 450.76, 1556.59),
        Vector3.new(-4191.38, 453.77, 1546.45),
        Vector3.new(-4257.43, 457.10, 1539.19),
        Vector3.new(-4268.56, 460.39, 1530.84),
        Vector3.new(-4315.68, 474.34, 1530.56),
        Vector3.new(-4365.24, 471.02, 1531.46),
        Vector3.new(-4580.76, 470.84, 1528.57),
        Vector3.new(-4585.66, 470.84, 1338.19),
        Vector3.new(-4527.58, 470.84, 1343.78),
        Vector3.new(-4528.02, 470.84, 1451.86),
        Vector3.new(-4461.27, 470.84, 1451.38),
        Vector3.new(-4496.66, 470.84, 1119.43),
        Vector3.new(-4744.45, 470.83, 1123.66),
        Vector3.new(-4730.46, 470.84, 1385.91),
        Vector3.new(-4927.17, 470.83, 1392.68),
        Vector3.new(-4914.22, 470.84, 1589.95),
        Vector3.new(-5047.06, 470.67, 1623.92),
        Vector3.new(-5061.93, 470.83, 1133.82),
        Vector3.new(-5232.52, 470.84, 1150.49),
        Vector3.new(-5222.31, 470.83, 1276.19),
        Vector3.new(-5156.11, 470.83, 1270.98),
        Vector3.new(-5147.98, 470.84, 1445.57),
        Vector3.new(-5268.37, 470.84, 1476.33),
        Vector3.new(-5342.45, 470.62, 1476.22),
        Vector3.new(-5374.53, 473.24, 1475.94),
        Vector3.new(-5387.70, 479.77, 1477.33),
        Vector3.new(-5403.93, 476.75, 1480.58),
        Vector3.new(-5639.45, 480.45, 1330.85),
        Vector3.new(-5652.70, 488.00, 1338.91),
        Vector3.new(-5680.25, 481.35, 1360.36),
        Vector3.new(-5866.03, 479.75, 1565.31),
        Vector3.new(-5884.40, 488.02, 1566.74),
        Vector3.new(-5918.89, 482.38, 1555.76),
        Vector3.new(-6174.79, 481.43, 1411.52),
        Vector3.new(-6190.20, 489.42, 1432.79),
        Vector3.new(-6216.08, 480.72, 1453.09),
        Vector3.new(-6454.81, 479.80, 1388.33),
        Vector3.new(-6480.55, 489.05, 1381.91),
        Vector3.new(-6510.44, 482.68, 1374.46),
        Vector3.new(-6733.87, 509.68, 1453.71),
        Vector3.new(-6761.74, 513.19, 1479.56),
        Vector3.new(-6778.98, 521.62, 1485.11),
        Vector3.new(-6806.74, 521.62, 1487.17),
        Vector3.new(-6850.05, 521.62, 1488.20),
        Vector3.new(-6850.06, 532.12, 1488.20),
        Vector3.new(-8316.38, 540.28, 1488.72),
        Vector3.new(-8306.38, 484.51, 1488.72),
        Vector3.new(-8315.52, 484.51, 1488.72),
        Vector3.new(-8320.76, 484.50, 1488.72),
        Vector3.new(-8322.96, 484.50, 1488.72),
        Vector3.new(-8322.96, 484.50, 1488.72),
        Vector3.new(-8323.52, 484.50, 1488.72),
        Vector3.new(-8334.51, 484.50, 1488.71),
        Vector3.new(-8351.10, 484.50, 1488.71),
        Vector3.new(-8533.93, 484.85, 1489.65),
        Vector3.new(-8583.83, 501.68, 1492.71),
        Vector3.new(-8787.37, 491.22, 1495.56),
        Vector3.new(-8831.60, 504.18, 1494.39),
        Vector3.new(-8871.30, 504.21, 1493.35),
        Vector3.new(-8933.37, 503.55, 1491.73),
        Vector3.new(-8932.88, 504.22, 1385.52),
        Vector3.new(-9103.92, 484.54, 1392.66),
        Vector3.new(-9154.57, 501.62, 1391.33),
        Vector3.new(-9313.32, 486.30, 1390.25),
        Vector3.new(-9367.63, 504.22, 1388.83),
        Vector3.new(-9381.78, 504.22, 1388.46),
        Vector3.new(-9388.40, 504.22, 1489.33),
        Vector3.new(-9493.48, 504.22, 1486.85),
        Vector3.new(-9591.58, 504.23, 1488.36),
        Vector3.new(-9606.36, 507.96, 1487.97),
        Vector3.new(-9650.40, 522.80, 1486.82),
        Vector3.new(-9859.59, 486.47, 1485.12),
        Vector3.new(-9903.69, 501.34, 1483.97),
        Vector3.new(-10114.13, 485.92, 1484.70),
        Vector3.new(-10161.67, 501.95, 1485.74),
        Vector3.new(-10250.70, 503.92, 1486.35),
        Vector3.new(-10252.96, 503.92, 1486.30),
        Vector3.new(-10278.08, 438.92, 1486.30),
        Vector3.new(-10427.91, 438.92, 1486.73),
        Vector3.new(-10428.15, 438.92, 1769.77),
        Vector3.new(-10428.15, 443.44, 1796.43),
        Vector3.new(-10428.06, 478.56, 1986.39),
        Vector3.new(-10428.06, 512.22, 2169.65),
        Vector3.new(-10428.06, 544.10, 2337.94),
        Vector3.new(-10428.06, 576.30, 2512.74),
        Vector3.new(-10427.95, 616.86, 2727.04),
        Vector3.new(-10427.83, 650.32, 2907.13),
        Vector3.new(-10427.73, 690.62, 3124.42),
        Vector3.new(-10427.64, 739.12, 3381.96),
        Vector3.new(-10427.64, 750.56, 3460.17),
        Vector3.new(-10428.49, 750.56, 3575.16),
        Vector3.new(-10763.61, 750.56, 3577.77),
        Vector3.new(-10763.80, 823.04, 3582.27),
        Vector3.new(-10818.91, 809.07, 3582.85),
        Vector3.new(-11119.59, 808.07, 3581.74),
        Vector3.new(-11416.44, 806.79, 3579.56),
        Vector3.new(-11713.71, 809.99, 3586.03),
        Vector3.new(-12012.97, 810.31, 3578.56),
        Vector3.new(-12092.97, 808.99, 3578.56),
        Vector3.new(-12191.82, 750.56, 3579.25),
        Vector3.new(-12244.51, 750.56, 3579.25),
        Vector3.new(-13224.14, 750.54, 3579.25),
        Vector3.new(-13216.17, 750.54, 3675.95),
        Vector3.new(-13407.02, 750.55, 3680.81),
        Vector3.new(-13415.39, 750.55, 3368.87),
        Vector3.new(-13604.79, 750.55, 3363.06),
        Vector3.new(-13599.19, 750.55, 3193.06),
        Vector3.new(-13863.70, 750.55, 3188.41),
        Vector3.new(-13852.46, 750.55, 3437.18),
        Vector3.new(-13724.24, 750.55, 3433.82),
        Vector3.new(-13715.56, 750.55, 3763.72),
        Vector3.new(-13626.45, 750.54, 3763.81),
        Vector3.new(-13619.67, 750.55, 3965.69),
        Vector3.new(-14002.73, 750.55, 3963.42),
        Vector3.new(-14003.44, 750.55, 3155.02),
        Vector3.new(-14003.44, 750.55, 3134.69),
        Vector3.new(-14003.44, 750.55, 3099.32),
        Vector3.new(-13999.16, 751.46, 3071.35),
    },

}

return WaypointsData
