local Waypoints = {
    Vector3.new(-1456.75, -159.03, -997.04),
    Vector3.new(-1455.37, -160.67, -866.61),
    Vector3.new(-1437.32, -160.67, -866.93),
    Vector3.new(-1430.48, -159.09, -839.25),
    Vector3.new(-1430.96, -126.85, -736.74),
    Vector3.new(-1430.40, -92.02, -625.95),
    Vector3.new(-1429.66, -69.53, -539.51),
    Vector3.new(-1430.12, -69.53, -530.70),
    Vector3.new(-1454.77, -69.53, -528.98),
    Vector3.new(-1453.69, -69.53, -513.48),
    Vector3.new(-1454.92, -69.37, -437.81),
    Vector3.new(-1454.19, -58.90, -395.92),
    Vector3.new(-1455.88, -57.03, -290.03),
    Vector3.new(-1268.00, -57.03, -291.43),
    Vector3.new(-1261.64, -57.03, -101.31),
    Vector3.new(-1455.69, -57.03, -103.74),
    Vector3.new(-1453.49, -57.29, -16.09),
    Vector3.new(-1453.58, -57.29, 3.50),
    Vector3.new(-1454.09, -43.04, 84.47),
    Vector3.new(-1454.09, 31.33, 84.45),
    Vector3.new(-1454.09, 78.58, 84.45),
    Vector3.new(-1453.66, 89.28, 86.79),
    Vector3.new(-1451.92, 89.95, 94.61),
    Vector3.new(-1433.07, 89.96, 94.59),
    Vector3.new(-1433.07, 107.46, 94.91),
    Vector3.new(-1433.07, 143.34, 94.91),
    Vector3.new(-1433.07, 188.84, 94.91),
    Vector3.new(-1433.17, 214.38, 96.21),
    Vector3.new(-1433.21, 215.28, 96.86),
    Vector3.new(-1432.04, 214.97, 132.92),
    Vector3.new(-1445.91, 214.97, 132.07),
    Vector3.new(-1450.64, 214.97, 145.55),
    Vector3.new(-1452.09, 223.21, 178.66),
    Vector3.new(-1452.87, 222.77, 231.72),
    Vector3.new(-1452.87, 215.00, 261.48),
    Vector3.new(-1452.91, 214.72, 335.05),
    Vector3.new(-1453.05, 214.72, 461.84),
    Vector3.new(-1452.64, 219.10, 626.73),
    Vector3.new(-1452.64, 278.60, 626.73),
    Vector3.new(-1452.64, 309.22, 626.73),
    Vector3.new(-1452.64, 369.60, 626.73),
    Vector3.new(-1452.83, 360.72, 596.44),
    Vector3.new(-1457.74, 359.92, 491.29),
    Vector3.new(-1368.45, 357.73, 489.01),
    Vector3.new(-1327.10, 361.71, 493.48),
    Vector3.new(-1262.77, 331.48, 495.59),
    Vector3.new(-1242.44, 334.24, 496.76),
    Vector3.new(-1246.88, 328.39, 519.62),
    Vector3.new(-1242.95, 310.63, 549.47),
    Vector3.new(-1237.79, 324.41, 604.72),
    Vector3.new(-1227.34, 328.56, 632.45),
    Vector3.new(-1246.21, 328.56, 685.65),
    Vector3.new(-1223.45, 330.32, 716.37),
    Vector3.new(-1217.99, 345.69, 833.78),
    Vector3.new(-1250.80, 349.22, 838.85),
    Vector3.new(-1364.68, 363.79, 843.06),
    Vector3.new(-1400.21, 359.00, 843.99),
    Vector3.new(-1403.73, 373.71, 724.85),
    Vector3.new(-1403.73, 430.58, 724.85),
    Vector3.new(-1403.73, 462.96, 724.85),
    Vector3.new(-1403.73, 490.08, 724.85),
    Vector3.new(-1403.73, 566.21, 724.85),
    Vector3.new(-1404.49, 532.73, 749.30),
    Vector3.new(-1405.41, 532.73, 759.94),
    Vector3.new(-1404.31, 532.73, 788.47),
    Vector3.new(-1653.82, 532.73, 959.19),
    Vector3.new(-1654.37, 532.73, 1160.53),
    Vector3.new(-1407.44, 532.73, 1293.05),
    Vector3.new(-1404.45, 532.73, 1306.62),
    Vector3.new(-1404.69, 532.73, 1328.28),
    Vector3.new(-1428.08, 531.61, 1328.00),
}
