local Waypoints = {
    Vector3.new(-1456.75, -159.03, -997.04),
    Vector3.new(-1455.37, -160.67, -866.61),
    Vector3.new(-1437.32, -160.67, -866.93),
    Vector3.new(-1430.48, -159.09, -839.25),
    Vector3.new(-1430.96, -126.85, -736.74),
    Vector3.new(-1430.40, -92.02, -625.95),
    Vector3.new(-1429.66, -69.53, -539.51),
    Vector3.new(-1430.12, -69.53, -530.70),
    Vector3.new(-1454.77, -69.53, -528.98),
    Vector3.new(-1453.69, -69.53, -513.48),
    Vector3.new(-1454.92, -69.37, -437.81),
    Vector3.new(-1454.19, -58.90, -395.92),
    Vector3.new(-1455.88, -57.03, -290.03),
    Vector3.new(-1268.00, -57.03, -291.43),
    Vector3.new(-1261.64, -57.03, -101.31),
    Vector3.new(-1455.69, -57.03, -103.74),
    Vector3.new(-1453.49, -57.29, -16.09),
    Vector3.new(-1479.89, -58.41, -17.65),
}
