local Waypoints = {
    Vector3.new(-1456.75, -159.03, -997.04),
    Vector3.new(-1455.37, -160.67, -866.61),
    Vector3.new(-1437.32, -160.67, -866.93),
    Vector3.new(-1430.48, -159.09, -839.25),
    Vector3.new(-1430.96, -126.85, -736.74),
    Vector3.new(-1430.40, -92.02, -625.95),
    Vector3.new(-1429.66, -69.53, -539.51),
    Vector3.new(-1430.12, -69.53, -530.70),
    Vector3.new(-1454.77, -69.53, -528.98),
    Vector3.new(-1453.69, -69.53, -513.48),
    Vector3.new(-1454.92, -69.37, -437.81),
    Vector3.new(-1454.19, -58.90, -395.92),
    Vector3.new(-1455.88, -57.03, -290.03),
    Vector3.new(-1268.00, -57.03, -291.43),
    Vector3.new(-1261.64, -57.03, -101.31),
    Vector3.new(-1455.69, -57.03, -103.74),
    Vector3.new(-1453.49, -57.29, -16.09),
    Vector3.new(-1453.58, -57.29, 3.50),
    Vector3.new(-1454.09, -43.04, 84.47),
    Vector3.new(-1454.09, 31.33, 84.45),
    Vector3.new(-1454.09, 78.58, 84.45),
    Vector3.new(-1453.66, 89.28, 86.79),
    Vector3.new(-1451.92, 89.95, 94.61),
    Vector3.new(-1433.07, 89.96, 94.59),
    Vector3.new(-1433.07, 107.46, 94.91),
    Vector3.new(-1433.07, 143.34, 94.91),
    Vector3.new(-1433.07, 188.84, 94.91),
    Vector3.new(-1433.17, 214.38, 96.21),
    Vector3.new(-1433.21, 215.28, 96.86),
    Vector3.new(-1432.04, 214.97, 132.92),
    Vector3.new(-1445.91, 214.97, 132.07),
    Vector3.new(-1450.64, 214.97, 145.55),
    Vector3.new(-1452.09, 223.21, 178.66),
    Vector3.new(-1452.87, 222.77, 231.72),
    Vector3.new(-1452.87, 215.00, 261.48),
    Vector3.new(-1452.91, 214.72, 335.05),
    Vector3.new(-1453.05, 214.72, 461.84),
    Vector3.new(-1452.64, 219.10, 626.73),
    Vector3.new(-1452.64, 278.60, 626.73),
    Vector3.new(-1452.64, 309.22, 626.73),
    Vector3.new(-1452.64, 369.60, 626.73),
    Vector3.new(-1452.83, 360.72, 596.44),
    Vector3.new(-1457.74, 359.92, 491.29),
    Vector3.new(-1368.45, 357.73, 489.01),
    Vector3.new(-1327.10, 361.71, 493.48),
    Vector3.new(-1262.77, 331.48, 495.59),
    Vector3.new(-1242.44, 334.24, 496.76),
    Vector3.new(-1246.88, 328.39, 519.62),
    Vector3.new(-1242.95, 310.63, 549.47),
    Vector3.new(-1237.79, 324.41, 604.72),
    Vector3.new(-1227.34, 328.56, 632.45),
    Vector3.new(-1246.21, 328.56, 685.65),
    Vector3.new(-1223.45, 330.32, 716.37),
    Vector3.new(-1217.99, 345.69, 833.78),
    Vector3.new(-1250.80, 349.22, 838.85),
    Vector3.new(-1364.68, 363.79, 843.06),
    Vector3.new(-1400.21, 359.00, 843.99),
    Vector3.new(-1403.73, 373.71, 724.85),
    Vector3.new(-1403.73, 430.58, 724.85),
    Vector3.new(-1403.73, 462.96, 724.85),
    Vector3.new(-1403.73, 490.08, 724.85),
    Vector3.new(-1403.73, 566.21, 724.85),
    Vector3.new(-1404.49, 532.73, 749.30),
    Vector3.new(-1405.41, 532.73, 759.94),
    Vector3.new(-1404.31, 532.73, 788.47),
    Vector3.new(-1653.82, 532.73, 959.19),
    Vector3.new(-1654.37, 532.73, 1160.53),
    Vector3.new(-1407.44, 532.73, 1293.05),
    Vector3.new(-1404.45, 532.73, 1306.62),
    Vector3.new(-1404.69, 532.73, 1328.28),
    Vector3.new(-1402.46, 532.73, 1446.23),
    Vector3.new(-1401.70, 529.61, 1491.04),
    Vector3.new(-1459.03, 508.73, 1446.65),
    Vector3.new(-2030.16, 508.73, 1446.93),
    Vector3.new(-2034.87, 508.73, 1446.61),
    Vector3.new(-2033.15, 442.73, 1460.78),
    Vector3.new(-2039.89, 442.73, 1482.76),
    Vector3.new(-2060.43, 442.73, 1486.44),
    Vector3.new(-2138.69, 443.26, 1485.98),
    Vector3.new(-2165.08, 450.24, 1484.59),
    Vector3.new(-2272.59, 438.73, 1485.86),
    Vector3.new(-2308.22, 438.75, 1485.86),
    Vector3.new(-2340.95, 447.31, 1485.86),
    Vector3.new(-2355.97, 447.73, 1485.86),
    Vector3.new(-2378.61, 447.73, 1485.86),
    Vector3.new(-2414.86, 438.75, 1485.71),
    Vector3.new(-2457.13, 439.22, 1485.71),
    Vector3.new(-2499.39, 447.13, 1485.71),
    Vector3.new(-2548.60, 465.00, 1485.71),
    Vector3.new(-2662.74, 442.73, 1485.58),
    Vector3.new(-2699.06, 442.83, 1485.78),
    Vector3.new(-2730.23, 451.07, 1485.90),
    Vector3.new(-2848.80, 462.44, 1484.63),
    Vector3.new(-2863.45, 524.34, 1484.74),
    Vector3.new(-2939.38, 541.70, 1486.76),
    Vector3.new(-2939.38, 602.20, 1486.76),
    Vector3.new(-3007.27, 617.54, 1486.83),
    Vector3.new(-3007.27, 681.15, 1486.83),
    Vector3.new(-3052.28, 672.25, 1486.53),
    Vector3.new(-3218.20, 672.24, 1485.94),
    Vector3.new(-3244.54, 672.78, 1486.38),
    Vector3.new(-3632.10, 617.71, 1485.12),
    Vector3.new(-3637.01, 616.58, 1485.30),
    Vector3.new(-3657.38, 616.58, 1486.01),
    Vector3.new(-4109.75, 616.58, 1486.87),
    Vector3.new(-4131.60, 616.58, 1487.41),
    Vector3.new(-4162.88, 613.41, 1484.64),
    Vector3.new(-4193.23, 621.23, 1485.46),
    Vector3.new(-4355.47, 615.93, 1548.85),
    Vector3.new(-4398.40, 615.88, 1554.10),
    Vector3.new(-4447.60, 616.52, 1424.08),
    Vector3.new(-4487.01, 616.00, 1421.38),
    Vector3.new(-4537.70, 616.99, 1515.65),
    Vector3.new(-4574.25, 615.93, 1519.17),
    Vector3.new(-4763.31, 616.76, 1422.97),
    Vector3.new(-4798.84, 616.04, 1435.88),
    Vector3.new(-4807.40, 616.82, 1554.81),
    Vector3.new(-4843.44, 616.16, 1549.97),
    Vector3.new(-4929.75, 614.53, 1487.28),
    Vector3.new(-4943.79, 616.59, 1486.28),
    Vector3.new(-4966.29, 616.59, 1484.90),
    Vector3.new(-5039.30, 616.59, 1483.28),
    Vector3.new(-5075.94, 625.58, 1522.16),
    Vector3.new(-5155.44, 619.99, 1651.12),
    Vector3.new(-5173.05, 619.99, 1681.52),
    Vector3.new(-5248.08, 620.78, 1684.23),
    Vector3.new(-5331.25, 658.33, 1686.40),
    Vector3.new(-5384.94, 682.57, 1686.94),
    Vector3.new(-5451.34, 712.55, 1687.61),
    Vector3.new(-5514.75, 741.18, 1688.29),
    Vector3.new(-5559.72, 760.91, 1688.73),
    Vector3.new(-5623.59, 790.19, 1689.42),
    Vector3.new(-5674.75, 813.42, 1689.93),
    Vector3.new(-5705.57, 827.34, 1690.20),
    Vector3.new(-5714.27, 831.03, 1690.28),
    Vector3.new(-5732.81, 831.05, 1690.44),
    Vector3.new(-5731.77, 851.22, 1525.49),
    Vector3.new(-5732.83, 851.60, 1484.91),
    Vector3.new(-5740.54, 851.60, 1485.11),
    Vector3.new(-5863.43, 850.33, 1486.76),
    Vector3.new(-5979.81, 850.33, 1365.21),
    Vector3.new(-6198.63, 850.33, 1583.06),
    Vector3.new(-6421.55, 850.33, 1368.34),
    Vector3.new(-6528.92, 850.33, 1473.83),
    Vector3.new(-6543.44, 850.33, 1486.01),
    Vector3.new(-6660.38, 851.61, 1484.87),
    Vector3.new(-6660.20, 850.49, 1461.23),
}
