local Waypoints = {
    Vector3.new(-1456.75, -159.03, -997.04),
    Vector3.new(-1455.37, -160.67, -866.61),
    Vector3.new(-1437.32, -160.67, -866.93),
    Vector3.new(-1430.48, -159.09, -839.25),
    Vector3.new(-1430.96, -126.85, -736.74),
    Vector3.new(-1430.40, -92.02, -625.95),
    Vector3.new(-1429.66, -69.53, -539.51),
    Vector3.new(-1430.12, -69.53, -530.70),
    Vector3.new(-1454.77, -69.53, -528.98),
    Vector3.new(-1453.69, -69.53, -513.48),
    Vector3.new(-1454.92, -69.37, -437.81),
    Vector3.new(-1454.19, -58.90, -395.92),
    Vector3.new(-1455.88, -57.03, -290.03),
    Vector3.new(-1268.00, -57.03, -291.43),
    Vector3.new(-1261.64, -57.03, -101.31),
    Vector3.new(-1455.69, -57.03, -103.74),
    Vector3.new(-1453.49, -57.29, -16.09),
    Vector3.new(-1453.58, -57.29, 3.50),
    Vector3.new(-1454.09, -43.04, 84.47),
    Vector3.new(-1454.09, 31.33, 84.45),
    Vector3.new(-1454.09, 78.58, 84.45),
    Vector3.new(-1453.66, 89.28, 86.79),
    Vector3.new(-1451.92, 89.95, 94.61),
    Vector3.new(-1433.07, 89.96, 94.59),
    Vector3.new(-1433.07, 107.46, 94.91),
    Vector3.new(-1433.07, 143.34, 94.91),
    Vector3.new(-1433.07, 188.84, 94.91),
    Vector3.new(-1433.17, 214.38, 96.21),
    Vector3.new(-1433.21, 215.28, 96.86),
    Vector3.new(-1432.04, 214.97, 132.92),
    Vector3.new(-1445.91, 214.97, 132.07),
    Vector3.new(-1450.64, 214.97, 145.55),
    Vector3.new(-1452.09, 223.21, 178.66),
    Vector3.new(-1452.87, 222.77, 231.72),
    Vector3.new(-1452.87, 215.00, 261.48),
    Vector3.new(-1452.91, 214.72, 335.05),
    Vector3.new(-1478.59, 213.60, 329.51),
}
